<Traits>	group	WFR	WDR	WFS	WDS	Biomass	WF	WC
GEMS44	temperate	3	0.231	7.867	1.904	2.135	10.867	8.732
GEMS13	temperate	3.415	0.147	3.527	0.234	0.381	6.942	6.561
ES40	temperate	2.6	0.117	4.307	0.267	0.384	6.907	6.523
975-12	temperate	2.355	0.154	4.637	0.787	0.941	6.992	6.05
GEMS49	temperate	2.203	0.161	4.147	0.721	0.881	6.35	5.469
YE478	temperate	2.36	0.142	3.415	0.247	0.389	5.775	5.386
CIMBL119	tropical/subtropical	2.317	0.15	3.385	0.207	0.357	5.702	5.344
05WN230	temperate	2.265	0.161	4.083	0.964	1.125	6.348	5.224
9642	temperate	2.017	0.107	3.52	0.237	0.344	5.537	5.193
BY855	temperate	2.135	0.137	4.087	0.917	1.055	6.222	5.167
TIAN77	temperate	1.73	0.164	4.243	0.731	0.895	5.973	5.079
CML69	tropical/subtropical	2.2	0.127	3.18	0.287	0.414	5.38	4.966
GEMS14	temperate	2.213	0.127	3.107	0.227	0.354	5.32	4.966
CIMBL123	tropical/subtropical	1.443	0.134	4.793	1.167	1.301	6.237	4.935
JI842	temperate	1.747	0.164	3.923	0.827	0.991	5.67	4.679
B73	temperate	1.74	0.157	3.56	0.464	0.621	5.3	4.679
DAN599	tropical/subtropical	1.827	0.157	3.91	0.917	1.075	5.737	4.662
BY4839	temperate	2.33	0.164	3.15	0.734	0.898	5.48	4.582
GEMS56	temperate	1.753	0.194	4.03	1.064	1.258	5.783	4.525
LX9801	temperate	1.897	0.157	3.463	0.697	0.855	5.36	4.505
CIMBL42	tropical/subtropical	1.607	0.134	3.25	0.254	0.388	4.857	4.469
GEMS62	temperate	1.46	0.157	3.497	0.394	0.551	4.957	4.405
R15X1141	temperate	1.543	0.144	3.585	0.584	0.728	5.128	4.4
CIMBL92	tropical/subtropical	1.833	0.124	3.247	0.584	0.708	5.08	4.372
LG001	temperate	1.477	0.151	3.55	0.571	0.721	5.027	4.305
GEMS61	temperate	1.137	0.117	3.82	0.534	0.651	4.957	4.305
GY386	temperate	1.837	0.161	3.023	0.437	0.598	4.86	4.262
GEMS21	temperate	2.073	0.147	2.523	0.19	0.337	4.597	4.259
CIMBL95	tropical/subtropical	1.74	0.131	3.183	0.547	0.678	4.923	4.245
CIMBL48	tropical/subtropical	1.673	0.134	3.097	0.424	0.558	4.77	4.212
CML325	tropical/subtropical	2.225	0.154	2.675	0.544	0.698	4.9	4.202
GEMS4	temperate	1.95	0.149	2.565	0.209	0.358	4.515	4.157
B113	temperate	1.77	0.107	2.663	0.174	0.281	4.433	4.153
CIMBL129	tropical/subtropical	2.157	0.174	2.85	0.684	0.858	5.007	4.149
M153	temperate	1.687	0.114	3.013	0.481	0.595	4.7	4.105
GEMS64	temperate	2.03	0.107	2.323	0.162	0.269	4.353	4.084
CIMBL75	tropical/subtropical	1.283	0.097	3.075	0.237	0.334	4.358	4.024
CML324	tropical/subtropical	2.067	0.087	2.183	0.15	0.237	4.25	4.013
GY1032	temperate	1.89	0.134	2.64	0.391	0.525	4.53	4.005
NAN21-3	tropical/subtropical	1.857	0.171	2.5	0.234	0.405	4.357	3.952
238	temperate	1.76	0.097	2.507	0.222	0.319	4.267	3.948
CIMBL91	tropical/subtropical	1.37	0.092	2.835	0.227	0.319	4.205	3.886
GEMS65	temperate	1.75	0.141	2.443	0.217	0.358	4.193	3.835
CIMBL86	tropical/subtropical	1.827	0.141	2.58	0.457	0.598	4.407	3.809
BY804	temperate	1.94	0.134	2.153	0.164	0.297	4.093	3.796
8902	temperate	1.72	0.124	2.55	0.384	0.508	4.27	3.762
TY4	temperate	1.617	0.131	2.43	0.194	0.325	4.047	3.722
TY11	temperate	3.602	0.074	1.363	0.207	0.281	3.7383	3.7102
CML116	tropical/subtropical	1.55	0.144	2.883	0.579	0.723	4.433	3.71
CIMBL127	tropical/subtropical	1.413	0.067	2.5	0.167	0.234	3.913	3.679
CML323	tropical/subtropical	1.667	0.114	2.26	0.157	0.271	3.927	3.656
CIMBL152	tropical/subtropical	3.60253	0.114	2.197	0.434	0.548	3.6245	3.61902
CML114	tropical/subtropical	1.733	0.154	2.407	0.381	0.535	4.14	3.605
GEMS39	temperate	1.58	0.072	2.21	0.147	0.219	3.79	3.571
CML31	tropical/subtropical	1.737	0.117	2.17	0.22	0.337	3.907	3.569
CIMBL56	tropical/subtropical	1.623	0.147	2.613	0.527	0.675	4.237	3.562
LV28	temperate	1.357	0.104	2.473	0.17	0.274	3.83	3.556
CIMBL81	tropical/subtropical	1.56	0.077	2.165	0.142	0.219	3.725	3.506
CIMBL113	tropical/subtropical	1.777	0.144	2.033	0.244	0.387	3.81	3.423
DH3732	temperate	1.2	0.131	2.707	0.354	0.485	3.907	3.422
GEMS18	temperate	1.565	0.087	2.063	0.137	0.224	3.628	3.404
CML189	tropical/subtropical	1.483	0.114	2.46	0.444	0.558	3.943	3.385
JH96C	temperate	1.48	0.097	2.18	0.187	0.284	3.66	3.376
CML115	tropical/subtropical	1.85	0.157	1.85	0.177	0.334	3.7	3.366
CIMBL77	tropical/subtropical	1.45	0.112	2.215	0.187	0.299	3.665	3.366
CIMBL3	tropical/subtropical	1.277	0.077	2.323	0.167	0.244	3.6	3.356
BY4960	temperate	1.83	0.114	1.767	0.137	0.251	3.597	3.346
GEMS54	temperate	1.36	0.08	2.207	0.15	0.231	3.567	3.336
LIAO159	temperate	1.75	0.137	1.84	0.147	0.284	3.59	3.306
J4112	temperate	1.593	0.111	2.055	0.237	0.348	3.648	3.3
JY01	temperate	1.737	0.164	2.12	0.421	0.585	3.857	3.272
CIMBL124	tropical/subtropical	1.323	0.097	2.21	0.167	0.264	3.533	3.269
CIMBL83	tropical/subtropical	1.347	0.141	2.555	0.507	0.648	3.902	3.254
RY713	temperate	1.37	0.137	2.303	0.294	0.431	3.673	3.242
835B	temperate	1.057	0.084	2.457	0.201	0.285	3.513	3.229
CIMBL151	tropical/subtropical	1.137	0.094	2.773	0.594	0.688	3.91	3.222
CML338	tropical/subtropical	1.19	0.067	2.24	0.157	0.224	3.43	3.206
CIMBL96	tropical/subtropical	1.127	0.121	2.48	0.281	0.401	3.607	3.205
CIMBL63	tropical/subtropical	1.74	0.104	3.307	1.74	1.844	5.047	3.203
GEMS55	temperate	1.323	0.114	2.19	0.219	0.333	3.513	3.18
CIMBL23	tropical/subtropical	1.277	0.087	2.147	0.167	0.254	3.423	3.169
CHUAN48-2	temperate	1.515	0.147	1.98	0.207	0.354	3.495	3.141
GEMS6	temperate	1.373	0.104	2.017	0.171	0.275	3.39	3.115
CIMBL59	tropical/subtropical	1.257	0.111	2.393	0.461	0.571	3.65	3.079
GEMS59	temperate	1.497	0.101	2.107	0.434	0.535	3.603	3.069
B114	temperate	1.31	0.149	2.35	0.444	0.593	3.66	3.067
LK11	temperate	1.007	0.137	2.563	0.367	0.505	3.57	3.065
GEMS1	temperate	1.38	0.131	2.42	0.607	0.738	3.8	3.062
CML361	tropical/subtropical	1.663	0.087	1.667	0.184	0.271	3.33	3.059
CIMBL74	tropical/subtropical	0.977	0.057	2.237	0.127	0.184	3.213	3.029
CML415	tropical/subtropical	1.26	0.097	2.08	0.217	0.314	3.34	3.026
CIMBL143	tropical/subtropical	1.5	0.097	1.7	0.097	0.194	3.2	3.006
GEMS36	temperate	1.5	0.117	1.77	0.174	0.291	3.27	2.979
DAN360	temperate	1.32	0.107	1.937	0.174	0.281	3.257	2.976
CIMBL90	tropical/subtropical	1.5	0.087	1.675	0.112	0.199	3.175	2.976
CIMBL17	tropical/subtropical	2.03	0.14	3.103	2.03	2.17	5.133	2.963
CIMBL88	tropical/subtropical	1.173	0.057	1.963	0.117	0.174	3.137	2.963
ZB648	temperate	0.903	0.124	2.68	0.497	0.621	3.583	2.962
BY809	temperate	1.435	0.104	2.04	0.414	0.518	3.475	2.957
U8112	temperate	1.17	0.072	1.965	0.117	0.189	3.135	2.946
SY1039	temperate	1.63	0.097	1.48	0.137	0.234	3.11	2.876
SY1035	temperate	1.617	0.104	1.347	0.104	0.208	2.963	2.755
CML422	tropical/subtropical	1.76	0.17	2.91	1.76	1.93	4.67	2.74
B111	temperate	1.11	0.117	2.203	0.487	0.605	3.313	2.709
BY807	temperate	1.363	0.107	1.587	0.134	0.241	2.95	2.709
CIMBL62	tropical/subtropical	1.377	0.087	1.567	0.147	0.234	2.943	2.709
CIMBL79	tropical/subtropical	0.987	0.141	2.56	0.711	0.851	3.547	2.695
ZAC546	temperate	0.875	0.192	2.885	0.875	1.067	3.76	2.693
647	tropical/subtropical	1.245	0.037	1.58	0.1	0.137	2.825	2.688
CIMBL68	tropical/subtropical	1.44	0.187	2.86	1.44	1.627	4.3	2.673
GEMS35	temperate	1.2	0.064	1.64	0.107	0.171	2.84	2.669
B110	temperate	1.215	0.052	1.595	0.092	0.144	2.81	2.666
526018	temperate	1.25	0.08	1.563	0.097	0.177	2.813	2.636
CML470	tropical/subtropical	0.99	0.091	2.33	0.594	0.685	3.32	2.635
LIAO5263	temperate	0.903	0.057	1.897	0.117	0.174	2.8	2.626
CML139	tropical/subtropical	1.043	0.074	1.785	0.134	0.207	2.828	2.621
CIMBL121	tropical/subtropical	0.94	0.082	1.93	0.192	0.274	2.87	2.596
SY1032	temperate	1.187	0.104	1.9	0.389	0.493	3.087	2.594
GEMS58	temperate	1.367	0.084	1.433	0.134	0.218	2.8	2.582
SW92E114	temperate	1.365	0.077	1.425	0.142	0.219	2.79	2.571
GEMS48	temperate	0.92	0.182	2.75	0.92	1.102	3.67	2.568
GEMS20	temperate	1.36	0.087	1.41	0.117	0.204	2.77	2.566
CIMBL99	tropical/subtropical	1.267	0.077	2.633	1.267	1.344	3.9	2.556
CIMBL133	tropical/subtropical	1.06	0.077	1.697	0.127	0.204	2.757	2.553
ZHI41	temperate	1.197	0.124	1.653	0.177	0.301	2.85	2.549
JH59	temperate	1.135	0.094	1.94	0.434	0.528	3.075	2.547
CIMBL140	tropical/subtropical	1.3	0.097	1.52	0.187	0.284	2.82	2.536
CIMBL87	tropical/subtropical	1.157	0.087	1.64	0.174	0.261	2.797	2.536
GEMS11	temperate	1.133	0.109	1.797	0.294	0.403	2.93	2.527
ZZ01	temperate	1.11	0.114	1.915	0.414	0.528	3.025	2.497
CIMBL125	tropical/subtropical	1.45	0.087	1.205	0.092	0.179	2.655	2.476
1462	temperate	1.41	0.134	1.26	0.084	0.217	2.67	2.453
CIMBL105	tropical/subtropical	1.145	0.152	2.6	1.145	1.297	3.745	2.448
CIMBL120	tropical/subtropical	1.043	0.097	1.675	0.174	0.271	2.718	2.448
GEMS51	temperate	1.35	0.107	1.305	0.107	0.214	2.655	2.441
SC55	tropical/subtropical	1.133	0.127	1.58	0.187	0.314	2.713	2.399
CIMBL5	tropical/subtropical	0.923	0.104	1.72	0.144	0.247	2.643	2.396
CIMBL54	tropical/subtropical	0.92	0.124	1.98	0.384	0.508	2.9	2.392
CIMBL58	tropical/subtropical	1.29	0.107	1.36	0.157	0.264	2.65	2.386
JI853	temperate	0.863	0.104	1.825	0.201	0.305	2.688	2.384
CIMBL139	tropical/subtropical	1.09	0.067	1.45	0.117	0.184	2.54	2.356
CIMBL71	tropical/subtropical	1.31	0.157	2.49	1.31	1.467	3.8	2.333
SY3073	temperate	1.273	0.114	1.253	0.094	0.208	2.527	2.319
18-599	temperate	0.643	0.067	1.85	0.177	0.244	2.493	2.249
HUA83-2	temperate	1.097	0.1	1.36	0.107	0.207	2.457	2.249
GEMS17	temperate	0.985	0.067	1.47	0.142	0.209	2.455	2.246
CIMBL111	tropical/subtropical	1.573	0.097	2.34	1.573	1.67	3.913	2.243
TY6	temperate	1.1	0.082	1.32	0.102	0.184	2.42	2.236
CIMBL40	tropical/subtropical	0.947	0.094	1.73	0.351	0.445	2.677	2.232
YE8001	temperate	1.103	0.074	1.35	0.167	0.241	2.453	2.212
CML298	tropical/subtropical	0.827	0.104	1.627	0.16	0.264	2.453	2.189
XI502	temperate	1.343	0.09	2.277	1.343	1.434	3.62	2.186
CIMBL145	tropical/subtropical	1.22	0.077	1.16	0.117	0.194	2.38	2.186
CIMBL1	tropical/subtropical	0.937	0.101	1.617	0.281	0.381	2.553	2.172
ZHENG28	temperate	1.36	0.184	2.343	1.36	1.544	3.703	2.16
Z2018F	temperate	0.95	0.052	1.345	0.097	0.149	2.295	2.146
CML423	tropical/subtropical	1.5	0.154	2.293	1.5	1.654	3.793	2.14
SY1128	temperate	1.09	0.077	1.213	0.107	0.184	2.303	2.119
CIMBL122	tropical/subtropical	0.76	0.074	1.65	0.219	0.293	2.41	2.117
BY813	temperate	1.47	0.137	2.22	1.47	1.607	3.69	2.083
CML122	tropical/subtropical	0.993	0.097	1.327	0.14	0.237	2.32	2.083
CML32	tropical/subtropical	0.827	0.097	1.507	0.177	0.274	2.333	2.059
TY1	temperate	0.79	0.047	1.417	0.11	0.157	2.207	2.049
CML304	tropical/subtropical	0.753	0.037	1.437	0.114	0.151	2.19	2.039
835A	temperate	0.573	0.107	2.143	0.573	0.68	2.717	2.036
CIMBL21	tropical/subtropical	0.865	0.067	1.385	0.147	0.214	2.25	2.036
YE52106	temperate	1.01	0.067	1.165	0.077	0.144	2.175	2.031
CIMBL32	tropical/subtropical	0.743	0.074	1.497	0.144	0.217	2.24	2.023
CIMBL10	tropical/subtropical	1.19	0.107	2.1	1.19	1.297	3.29	1.993
CIMBL53	tropical/subtropical	1.17	0.117	2.11	1.17	1.287	3.28	1.993
CIMBL150	tropical/subtropical	0.98	0.077	1.173	0.094	0.171	2.153	1.983
YE515	temperate	0.98	0.084	1.375	0.309	0.393	2.355	1.962
B11	tropical/subtropical	0.915	0.14	2.073	0.915	1.055	2.988	1.933
7381	temperate	0.81	0.157	2.09	0.81	0.967	2.9	1.933
DONG237	temperate	0.783	0.097	1.467	0.241	0.338	2.25	1.912
DAN4245	temperate	0.693	0.077	1.4	0.11	0.187	2.093	1.906
CML327	tropical/subtropical	0.967	0.047	1.05	0.074	0.121	2.017	1.896
CML480	tropical/subtropical	1.36	0.12	2.007	1.36	1.48	3.367	1.886
CML130	tropical/subtropical	0.69	0.101	1.52	0.224	0.325	2.21	1.885
CIMBL22	tropical/subtropical	1.01	0.124	1.12	0.124	0.247	2.13	1.883
ZHONG69	temperate	0.593	0.037	1.433	0.107	0.144	2.027	1.883
CIMBL6	tropical/subtropical	0.577	0.111	1.86	0.467	0.578	2.437	1.859
CIMBL51	tropical/subtropical	0.953	0.09	1.155	0.16	0.251	2.108	1.858
GEMS15	temperate	0.82	0.057	1.18	0.087	0.144	2	1.856
CML170	tropical/subtropical	1.057	0.084	0.98	0.107	0.191	2.037	1.846
GEMS30	temperate	0.883	0.057	1.093	0.077	0.134	1.977	1.843
CIMBL142	tropical/subtropical	0.895	0.082	1.155	0.157	0.239	2.05	1.811
CA47	temperate	0.935	0.052	1.005	0.077	0.129	1.94	1.811
RY729	temperate	1.49	0.107	1.91	1.49	1.597	3.4	1.803
LIAO138	temperate	0.803	0.154	1.947	0.803	0.957	2.75	1.793
CIMBL25	tropical/subtropical	0.793	0.137	1.927	0.793	0.93	2.72	1.79
CML454	tropical/subtropical	0.93	0.087	1.073	0.127	0.214	2.003	1.789
CML431	tropical/subtropical	0.507	0.107	1.887	0.507	0.614	2.393	1.78
7327	temperate	1.685	0.134	1.907	1.685	1.819	3.592	1.773
CIMBL18	tropical/subtropical	0.76	0.087	1.84	0.76	0.847	2.6	1.753
GEMS10	temperate	0.717	0.157	1.88	0.717	0.874	2.597	1.723
CIMBL38	tropical/subtropical	0.655	0.102	1.35	0.207	0.309	2.005	1.696
CIMBL27	tropical/subtropical	0.823	0.074	1.013	0.074	0.147	1.837	1.689
GEMS29	temperate	0.745	0.057	1.075	0.077	0.134	1.82	1.686
BS16	temperate	0.85	0.069	1.01	0.109	0.178	1.86	1.682
DONG46	temperate	0.96	0.092	1.77	0.96	1.052	2.73	1.678
CIMBL7	tropical/subtropical	1.05	0.144	1.81	1.05	1.194	2.86	1.666
07KS4	temperate	0.563	0.077	1.377	0.21	0.287	1.94	1.653
4F1	temperate	0.925	0.117	1.767	0.925	1.042	2.692	1.65
CML192	tropical/subtropical	0.85	0.077	1.015	0.147	0.224	1.865	1.641
GEMS19	temperate	0.71	0.092	1.715	0.71	0.802	2.425	1.623
CIMBL28	tropical/subtropical	0.925	0.057	0.825	0.072	0.129	1.75	1.621
CIMBL2	tropical/subtropical	0.677	0.087	1.133	0.117	0.204	1.81	1.606
150	temperate	1.04	0.147	1.75	1.04	1.187	2.79	1.603
M97	temperate	0.97	0.15	1.75	0.97	1.12	2.72	1.6
CIMBL157	tropical/subtropical	0.947	0.054	0.895	0.204	0.258	1.842	1.584
CML433	tropical/subtropical	0.41	0.077	1.35	0.107	0.184	1.76	1.576
ZHENG29	temperate	0.565	0.059	1.23	0.164	0.223	1.795	1.572
JIAO51	temperate	0.75	0.107	1.677	0.75	0.857	2.427	1.57
CIMBL19	tropical/subtropical	1.045	0.127	1.675	1.045	1.172	2.72	1.548
CML432	tropical/subtropical	0.58	0.114	1.66	0.58	0.694	2.24	1.546
CIMBL29	tropical/subtropical	1.65	0.157	1.68	1.65	1.807	3.33	1.523
CML121	tropical/subtropical	0.78	0.04	0.87	0.09	0.131	1.65	1.519
BY4944	temperate	0.89	0.057	0.72	0.037	0.094	1.61	1.516
CML290	tropical/subtropical	0.94	0.074	1.583	0.94	1.014	2.523	1.51
GEMS32	temperate	0.65	0.104	1.2	0.244	0.348	1.85	1.502
CIMBL46	tropical/subtropical	0.853	0.064	0.775	0.064	0.127	1.628	1.501
TIE7922	temperate	1.02	0.084	1.583	1.02	1.104	2.603	1.5
DAN340	temperate	0.77	0.067	0.875	0.087	0.154	1.645	1.491
5237	temperate	0.89	0.117	1.6	0.89	1.007	2.49	1.483
CIMBL106	tropical/subtropical	0.76	0.147	1.63	0.76	0.907	2.39	1.483
SI273	temperate	1.25	0.127	1.6	1.25	1.377	2.85	1.473
MO113	temperate	1.09	0.117	1.59	1.09	1.207	2.68	1.473
177	temperate	0.537	0.137	1.607	0.537	0.674	2.143	1.47
CML163	tropical/subtropical	0.68	0.134	1.587	0.68	0.814	2.267	1.453
CML496	tropical/subtropical	0.67	0.052	1.505	0.67	0.722	2.175	1.453
CML479	tropical/subtropical	0.715	0.062	0.87	0.092	0.154	1.585	1.431
TY5	temperate	0.55	0.042	1.035	0.127	0.169	1.585	1.416
QI205	temperate	0.723	0.07	0.833	0.077	0.147	1.557	1.409
L3180	temperate	1.07	0.097	1.49	1.07	1.167	2.56	1.393
CIMBL115	tropical/subtropical	1.01	0.137	1.51	1.01	1.147	2.52	1.373
CML486	tropical/subtropical	0.645	0.042	0.855	0.092	0.134	1.5	1.366
CIMBL144	tropical/subtropical	0.64	0.052	0.865	0.097	0.149	1.505	1.356
CIMBL12	tropical/subtropical	1.187	0.12	1.423	1.187	1.307	2.61	1.303
GY462	temperate	0.76	0.077	1.37	0.76	0.837	2.13	1.293
CIMBL60	tropical/subtropical	0.515	0.092	0.975	0.112	0.204	1.49	1.286
CIMBL100	tropical/subtropical	0.76	0.127	0.835	0.187	0.314	1.595	1.281
CML360	tropical/subtropical	1.133	0.147	1.413	1.133	1.28	2.547	1.266
CML118	tropical/subtropical	0.577	0.067	0.883	0.127	0.194	1.46	1.266
B77	temperate	0.753	0.067	0.637	0.067	0.134	1.39	1.256
CIMBL109	tropical/subtropical	0.685	0.092	0.86	0.217	0.309	1.545	1.236
CML20	tropical/subtropical	0.62	0.07	0.767	0.087	0.157	1.387	1.229
CIMBL16	tropical/subtropical	0.49	0.077	0.925	0.122	0.199	1.415	1.216
GEMS50	temperate	0.64	0.037	0.65	0.047	0.084	1.29	1.206
CML172	tropical/subtropical	0.597	0.12	1.297	0.597	0.717	1.893	1.176
YU374	temperate	0.7	0.077	0.58	0.087	0.164	1.28	1.116
ZHENG35	temperate	0.845	0.112	1.205	0.845	0.957	2.05	1.093
CIMBL11	tropical/subtropical	0.56	0.082	0.695	0.097	0.179	1.255	1.076
CHENG698	temperate	0.487	0.057	0.697	0.07	0.127	1.183	1.056
CIMBL52	tropical/subtropical	0.52	0.107	0.74	0.112	0.219	1.26	1.041
ZONG31	temperate	0.445	0.104	0.84	0.149	0.253	1.285	1.032
TY2	temperate	0.74	0.082	1.105	0.74	0.822	1.845	1.023
GEMS37	temperate	0.42	0.057	0.72	0.067	0.124	1.14	1.016
GEMS40	temperate	0.43	0.047	0.7	0.077	0.124	1.13	1.006
CIMBL70	tropical/subtropical	0.59	0.1	1.1	0.59	0.69	1.69	1
CHANG3	temperate	0.855	0.092	1.08	0.855	0.947	1.935	0.988
LIAO5262	temperate	0.47	0.067	0.73	0.157	0.225	1.2	0.975
GEMS3	temperate	0.45	0.054	0.685	0.124	0.178	1.135	0.957
TY3	temperate	0.43	0.084	0.76	0.164	0.248	1.19	0.942
K22	temperate	0.53	0.084	0.59	0.094	0.178	1.12	0.942
CIMBL55	tropical/subtropical	0.52	0.087	0.58	0.087	0.174	1.1	0.926
ZHENG30	temperate	0.68	0.097	1.02	0.68	0.777	1.7	0.923
CIMBL13	tropical/subtropical	0.775	0.09	0.997	0.775	0.865	1.772	0.906
ZHENG653	temperate	0.26	0.037	0.74	0.067	0.104	1	0.896
CIMBL141	tropical/subtropical	1.18	0.117	1	1.18	1.297	2.18	0.883
CML171	tropical/subtropical	0.675	0.072	0.945	0.675	0.747	1.62	0.873
MO17	temperate	0.59	0.067	0.94	0.59	0.657	1.53	0.873
SHEN5003	temperate	0.69	0.067	0.895	0.69	0.757	1.585	0.828
CIMBL43	tropical/subtropical	0.52	0.067	0.86	0.52	0.587	1.38	0.793
CIMBL93	tropical/subtropical	0.41	0.057	0.5	0.062	0.119	0.91	0.791
P178	tropical/subtropical	0.34	0.102	0.885	0.34	0.442	1.225	0.783
CIMBL49	tropical/subtropical	0.34	0.057	0.525	0.062	0.119	0.865	0.746
CIMBL82	tropical/subtropical	0.84	0.117	0.845	0.84	0.957	1.685	0.728
K12	temperate	0.47	0.084	0.445	0.119	0.203	0.915	0.712
EN25	temperate	0.263	0.064	0.597	0.087	0.151	0.86	0.709
CIMBL94	tropical/subtropical	0.685	0.067	0.775	0.685	0.752	1.46	0.708
CIMBL101	tropical/subtropical	0.43	0.067	0.405	0.067	0.134	0.835	0.701
CIMBL116	tropical/subtropical	0.36	0.092	0.77	0.36	0.452	1.13	0.678
K14	temperate	0.44	0.097	0.76	0.44	0.537	1.2	0.663
CIMBL108	tropical/subtropical	0.48	0.117	0.753	0.48	0.597	1.233	0.636
GEMS25	temperate	0.5	0.097	0.68	0.5	0.597	1.18	0.583
81162	temperate	0.63	0.082	0.66	0.63	0.712	1.29	0.578
GEMS28	temperate	0.3	0.047	0.36	0.047	0.094	0.66	0.566
GEMS42	temperate	0.3	0.017	0.25	0.047	0.064	0.55	0.486
CML493	tropical/subtropical	0.337	0.074	0.543	0.337	0.41	0.88	0.47
GEMS41	temperate	0.65	0.057	0.425	0.65	0.707	1.075	0.368
