<Traits>	group	L	PA	SA	AD	RV	Ti	Fo	Cr	L_PR	PA_PR	SA_PR	AD_PR	RV_PR	Ti_PR	Fo_PR	Cr_PR
81162	temperate	236.49	11.87	37.28	0.49	0.47	618.5	1143.5	147.65	184.79	8.92	28.03	0.48	0.34	398	915	NA
7327	temperate	548.6	28.11	88.3	0.45	0.89	1302.67	2211.33	171.43	272.33	10.89	34.23	0.4	0.34	551.5	934	NA
7381	temperate	259.81	14.34	45.05	0.55	0.63	606.67	718	137.07	120.6	5.91	18.58	0.49	0.23	282	356.33	NA
5237	temperate	393.82	18.82	59.12	0.48	0.73	1088	1637	NA	247.18	11.03	34.66	0.45	0.4	568	1083	NA
CIMBL99	tropical/subtropical	838.58	19.55	61.41	0.36	0.85	1219	5145.67	37.87	549.77	12.21	61.51	0.35	0.33	752.5	3469.67	280.99
CIMBL111	tropical/subtropical	808.28	31.9	100.2	0.39	0.99	1636	4407	357.38	492.66	19.24	60.44	0.39	0.59	873	2810.33	255.95
CIMBL17	tropical/subtropical	1040.68	32.4	101.78	0.31	0.8	2157.33	5679	240.15	475.25	13.7	43.04	0.29	0.27	805	2364.33	244.48
CML114	tropical/subtropical	608.57	32.82	103.1	0.52	1.39	515	1855	262.33	439.19	22.82	71.69	0.5	0.93	307.67	1508.33	229.67
SY1035	temperate	653.78	29.64	93.11	0.46	1.06	1260.67	2172.5	313.5	385.48	16.19	50.86	0.39	0.48	483	965	177
CIMBL145	tropical/subtropical	480.03	22.61	71.03	0.45	0.84	571.67	1694	253	330.45	14.34	45.05	0.46	0.5	312	1007.67	167.33
ES40	temperate	853.48	36.33	114.15	0.45	1.3	1256.67	3034	417.33	303.78	14.02	44.04	0.41	0.47	397.67	953.33	162.67
GEMS21	temperate	611.9	27.9	87.64	0.45	0.93	1060	1893.67	234.67	315.36	11.9	37.39	0.38	0.35	380	770.33	162.67
CIMBL63	tropical/subtropical	683.74	31.02	97.45	0.45	1.11	885.67	1972.33	203.84	303.03	13.2	41.47	0.44	0.47	376	663.33	158.12
CML480	tropical/subtropical	601.89	21.13	66.39	0.34	0.56	1614	2698.5	106.22	301.52	8.55	26.85	0.28	0.19	658.33	1099	155.04
M153	temperate	530.28	29.93	94.01	0.57	1.33	559.33	1699.33	187	245.64	13.12	41.21	0.52	0.67	303	957.5	149
GEMS63	temperate	483.82	25.08	78.79	0.54	0.82	365	693	195	297.84	13.97	43.9	0.49	0.52	286.67	912.33	148.33
150	temperate	413.77	16.32	51.28	0.39	0.51	820	1517	142.74	273.92	9.65	30.33	0.35	0.27	467	979	144.52
L3180	temperate	473.29	18.5	58.11	0.39	0.57	904	1568.5	96.03	275.48	9.44	29.66	0.35	0.25	437.5	831.5	142.46
4F1	temperate	430.52	16.48	51.78	0.45	0.66	561.67	1269	245.89	272.26	10.77	33.85	0.41	0.34	230.5	790.33	141.51
CML325	tropical/subtropical	744.25	38.52	121.02	0.52	1.57	1164	2817.5	293	317.14	15.04	47.25	0.48	0.56	473.5	1108.5	132.5
CML115	tropical/subtropical	517.07	25.78	81	0.5	1.01	659.67	1657.67	271.42	251.91	11.79	37.04	0.47	0.43	206.5	792	131.85
LIAO159	temperate	531.63	22.98	72.2	0.46	0.86	1098.33	1987	277.31	253.35	10.27	32.25	0.41	0.34	485	1033.67	131.81
647	tropical/subtropical	516.16	22.82	71.71	0.44	0.79	679.67	1401	187	339.45	14.63	45.95	0.43	0.5	379.33	850.33	131.33
GEMS44	temperate	723.6	46.08	144.75	0.65	2.31	1116.67	2879.33	219.67	299.18	16.42	51.6	0.53	0.77	471	1473	128
LIAO5263	temperate	354.24	16.18	50.83	0.46	0.58	392.67	889	139	244.85	10.44	32.81	0.43	0.35	226.67	554	127.5
B110	temperate	488.17	21.86	68.69	0.45	0.77	737	1746.5	208	280.4	11.48	36.08	0.41	0.37	356.5	873.5	126
GEMS62	temperate	460.45	23.05	72.43	0.5	0.79	516.5	1332.67	187.67	225.29	9.93	31.18	0.46	0.36	219	676.67	123.33
WU109	temperate	655.61	32.22	101.23	0.48	1.38	968.5	2510.5	271.33	231.06	9.62	30.21	0.41	0.27	348.33	705.33	122.33
YE515	temperate	347.2	16.46	51.71	0.47	0.61	377.5	879	131	263.91	11.06	34.75	0.42	0.36	274.5	663	120
CML426	tropical/subtropical	701.81	40.79	128.13	0.58	1.71	1306.67	2722.33	197	412.11	19.12	60.05	0.55	0.82	691.5	1445.67	119.67
TIE7922	temperate	464.44	17.75	55.75	0.38	0.54	743.33	1912	241.09	231.23	7.98	25.07	0.32	0.22	413.33	938.33	119.6
SI273	temperate	432.06	16.85	52.95	0.39	0.52	982	1938	158.4	228.78	7.62	23.94	0.33	0.2	489	771	118.2
CIMBL106	tropical/subtropical	281.86	13.45	42.25	0.48	0.5	594	1387	NA	223.78	10.33	32.46	0.46	0.38	452	1113	117.06
XI502	temperate	499.67	22.98	72.19	0.46	0.83	1002	2059.67	261.33	223.88	9.78	30.74	0.41	0.32	400.67	915	116.83
CIMBL7	tropical/subtropical	372.22	19.67	61.8	0.53	0.82	505.67	1219.67	250.96	215.22	10.89	34.22	0.5	0.43	228	726.67	113.06
GEMS13	temperate	769.58	40.06	125.84	0.52	1.64	1467.33	2928	294	291.38	14	43.98	0.48	0.53	518.33	914.67	113
05W002	temperate	913.44	42.93	134.87	0.48	1.61	1703	3301.67	315	248.88	10.96	34.43	0.42	0.42	731.67	774.5	112.5
SY1032	temperate	520.45	23.17	72.78	0.46	0.83	687.67	1625.67	227.67	246.17	10.57	33.22	0.46	0.37	264	607.33	112.33
ZHI41	temperate	398	18.92	59.45	0.49	0.73	699.33	1297.5	142.33	225.42	10.03	31.5	0.45	0.38	340.67	678.67	112
ZHENG35	temperate	306.84	13.91	43.71	0.46	0.5	806	1364.5	223.5	212.04	9.18	28.84	0.44	0.31	512.5	933.5	110.61
FCD0602	temperate	687.95	35.4	111.2	0.52	1.44	952	2310.5	318	216.66	10.74	33.73	0.53	0.43	274	763.5	110.5
177	temperate	250.1	13.23	41.56	0.57	0.56	403.33	778.33	146.78	147.19	6.99	21.96	0.51	0.27	212	476.67	110.39
CIMBL71	tropical/subtropical	457.9	22.39	70.35	0.49	0.86	781	1558	171.27	211.7	8.92	28.02	0.42	0.3	406	776	110.31
GEMS56	temperate	566.74	28.3	88.91	0.5	1.11	738.67	1739	213.67	226.25	10.43	32.77	0.46	0.33	248.67	494.5	108
GEMS10	temperate	356.52	14.82	46.55	0.41	0.48	884.67	1519	148.96	207.47	7.63	23.97	0.37	0.22	451.33	841	107.55
ZH68	temperate	510.45	23.8	74.77	0.46	0.87	1007	2362	312	117.75	4.13	12.98	0.35	0.11	284.5	371.67	107.5
GEMS14	temperate	566.36	29.51	92.71	0.51	1.21	935	1385.5	134	265.62	11.77	36.98	0.43	0.42	339.33	751	104.33
CIMBL5	tropical/subtropical	323.13	16.88	53.02	0.52	0.69	291.67	709.33	117.33	242.34	11.41	35.85	0.47	0.42	202.5	542.33	104.33
CML433	tropical/subtropical	404.49	19.61	46.08	0.49	0.76	1020.5	1424	212.05	198.2	8.87	27.87	0.45	0.32	369.33	537	103.54
CML360	tropical/subtropical	407.21	17.08	53.65	0.42	0.56	669.67	1585.33	212.15	198.56	8.43	27.1	0.41	0.28	314.67	612.67	103.5
BY804	temperate	461.43	27.75	87.19	0.6	1.32	496	1261.33	130	307.49	13.87	43.57	0.57	0.73	290.33	627.5	102
CIMBL29	tropical/subtropical	475.94	25.99	81.65	0.55	1.12	517	1169	35.82	193.6	9.02	28.35	0.47	0.33	211	415	101.31
DAN3130	temperate	595.76	44.14	138.66	0.75	2.61	474	1346.67	123.67	373.56	25.12	78.93	0.68	1.33	211	863	101
GEMS48	temperate	334.66	16.67	52.39	0.5	0.73	581.33	1148.67	175.67	190.9	9.25	29.05	0.48	0.35	319.33	715	100.07
GEMS6	temperate	483.13	22.39	70.33	0.49	0.86	903.5	1672	163.5	269.43	13.4	42.1	0.47	0.46	545.5	966.67	98.67
GEMS36	temperate	437.96	24.8	77.92	0.57	1.1	350	923.67	131.67	270.05	16.59	52.12	0.54	0.61	172.33	502.33	94.33
CML290	tropical/subtropical	390.04	17.65	55.44	0.45	0.63	909	1733.67	59.89	178.5	7.64	23.99	0.43	0.26	377.67	801	93.07
YE478	temperate	655.12	36.67	115.19	0.56	1.61	772.5	2206.5	225.5	257.68	13.48	42.36	0.52	0.55	304	700	91.5
CML422	tropical/subtropical	463.84	24.42	76.71	0.54	1.01	879.5	1747.67	75	170.82	8.57	21.73	0.48	0.27	259.33	459.33	89.7
RY729	temperate	515.02	25.13	78.96	0.49	0.97	841	2056.5	270.08	170.21	8.55	26.86	0.51	0.34	276	1032.5	89.38
LY042	temperate	394.65	19.19	60.27	0.47	0.74	412.33	1022.67	111.5	201.29	9.41	29.55	0.46	0.27	209	642.33	88.67
DAN340	temperate	332	15.59	48.97	0.47	0.58	414	883.5	113	204.67	8.95	28.11	0.44	0.31	187	541.5	88.5
ZAC546	temperate	350.76	15.08	47.37	0.43	0.51	550.67	1339	182.92	169.84	6.59	20.7	0.39	0.2	254	593.33	88.21
DAN360	temperate	356.8	18.65	58.6	0.48	0.71	353.33	647	152	228.24	10.34	32.47	0.43	0.37	189.67	426.67	87.33
CIMBL70	tropical/subtropical	209.9	9.94	31.23	0.47	0.37	254.67	470.33	420.09	165.55	8.25	22.7	0.44	0.25	211.33	390.33	86.9
SY1128	temperate	355.95	16.61	52.18	0.47	0.61	436	913.33	140.33	204.44	8.69	27.3	0.43	0.29	216	426	86.67
GY462	temperate	309.34	13.45	42.25	0.43	0.46	760.5	998.5	161.39	164.98	7.27	22.85	0.44	0.25	403.5	563	86.12
CIMBL115	tropical/subtropical	327.36	15.5	48.7	0.47	0.58	610	1386.67	97.65	164.76	7.37	23.17	0.45	0.21	262.67	673	86.07
CML496	tropical/subtropical	285.21	12.7	39.91	0.44	0.45	587	863	117	163.4	6.95	21.82	0.43	0.23	281	406.5	85.17
B113	temperate	418.97	19.43	61.05	0.53	0.82	649	1336	136.67	200.52	9.96	31.3	0.48	0.4	318.33	728.67	85
CIMBL18	tropical/subtropical	345.52	14.21	44.64	0.41	0.46	547	889	109.92	163.1	5.7	17.9	0.35	0.16	281	375	84.4
JI842	temperate	630.88	31.03	97.48	0.49	1.2	751	1802.33	178.5	229.36	9.99	31.38	0.44	0.34	281.33	430	84
DONG46	temperate	304.45	14.52	45.61	0.48	0.55	631.33	804.67	159.48	160.9	7.04	22.13	0.45	0.25	320.33	428.67	83.97
GY1032	temperate	425.1	24.1	75.71	0.54	0.98	731	1598.5	131	234.98	12.7	39.9	0.54	0.54	353	867	83
CIMBL105	tropical/subtropical	440.19	18.42	57.85	0.43	0.62	916	1782.5	536.54	158	6.55	20.57	0.41	0.21	367.5	686	82.27
CIMBL119	tropical/subtropical	658.95	30.5	95.83	0.54	1.28	781.5	1828.5	182.33	226.39	10.15	31.89	0.44	0.36	283.67	354	81.5
CIMBL10	tropical/subtropical	508.94	21.37	67.14	0.42	0.71	1354	2213	185.67	156.57	6.24	19.6	0.4	0.2	418	670	81.4
CIMBL69	tropical/subtropical	385.63	20.05	62.99	0.5	0.97	807	1160	224	250.67	10.88	34.18	0.52	0.44	278.67	759.33	81.33
SHEN5003	temperate	372.57	13.9	43.66	0.38	0.41	1101	1826.5	265.15	150.94	6.18	19.4	0.42	0.2	401	902	78.56
JH96C	temperate	415.78	19.9	62.53	0.48	0.75	668	1342.5	217.84	149.14	6.74	21.18	0.45	0.24	211.5	379	77.94
GEMS18	temperate	440.36	22.08	69.36	0.49	0.83	664.67	1140	131	210.25	8.7	27.33	0.41	0.28	291	427	76.33
GEMS25	temperate	183.48	8.58	26.97	0.47	0.32	362	765	90.77	146.31	6.27	19.7	0.43	0.21	311	679	76.29
GEMS35	temperate	383.9	19.09	59.96	0.5	0.68	648.67	1451	149.67	172.31	6.49	20.39	0.45	0.28	245.33	475.33	76
ZHENG28	temperate	524.26	21.91	68.84	0.42	0.72	1050	2484.33	160.38	143.57	8.35	26.22	0.42	0.28	457.33	919.33	75.96
CML69	tropical/subtropical	666.8	35.53	111.62	0.52	1.34	795	1606	216.67	229.89	10.79	33.91	0.47	0.4	254.33	457.33	73.67
CIMBL152	tropical/subtropical	342.51	18.32	57.56	0.53	0.77	357.67	646.67	103.67	173.06	8.41	26.43	0.49	0.32	213	406.33	73.33
CIMBL12	tropical/subtropical	326.59	15.96	50.14	0.49	0.61	1228.5	1190.33	429.06	139.11	6.24	19.59	0.45	0.22	357	529.67	72.67
GEMS65	temperate	494.77	29.43	92.46	0.6	1.38	553.67	1283.67	116.67	257.23	14.02	44.04	0.53	0.6	278	733.33	72.67
ZHENG653	temperate	147.35	6.21	19.5	0.42	0.21	176	313	75	145.5	6.11	19.2	0.42	0.2	169	321	72
BY4960	temperate	565.36	28.63	89.95	0.51	1.14	1040.5	2234	265	179.38	8.53	26.8	0.49	0.32	246	491	71.67
975-12	temperate	460.03	26.94	84.64	0.57	1.21	690.5	1215	117	217.72	11.41	35.84	0.52	0.48	241.33	534	71.67
BY813	temperate	300.42	18.12	56.94	0.6	0.86	576	1414	193.36	135.47	7.75	24.34	0.57	0.35	246	809	71.61
K22	temperate	207.11	8.73	27.41	0.44	0.27	416.33	541	107.92	137.44	5.4	16.96	0.34	0.18	256.67	381.33	71.42
JI853	temperate	361.39	14.48	45.5	0.46	0.52	459.67	801	109	165.02	6.75	21.21	0.39	0.2	184.5	341	70.67
CML163	tropical/subtropical	225.6	10.44	32.79	0.46	0.38	586.33	677.67	161.33	135.52	5.81	18.25	0.43	0.2	281	390.33	70.66
B11	tropical/subtropical	346	16.69	52.42	0.48	0.68	614.67	1772	113.83	135.09	5.67	17.81	0.43	0.19	248.67	646.67	70.38
TIAN77	temperate	573.84	29.93	94.04	0.52	1.23	1061	2055.67	194.67	193.11	8.58	26.94	0.46	0.3	324	580.33	69.67
IRF314	temperate	616.29	32.81	103.07	0.53	1.37	865	1974	227	214.42	12.75	40.07	0.59	0.6	259	867	69
GEMS64	temperate	538.91	30.16	94.76	0.56	1.33	741	1939.33	188	181.97	10.65	33.45	0.48	0.4	255.67	628.5	69
CML116	tropical/subtropical	485.25	31.48	98.91	0.53	1.33	788.67	1373	145	194.34	10.09	31.69	0.54	0.46	240.33	419	68
GEMS54	temperate	450.28	24	75.39	0.53	1.01	833	1246	118.67	207.18	10.05	31.59	0.49	0.39	307.5	553.33	68
GEMS4	temperate	508.84	29.94	94.07	0.59	1.39	898	1741.5	116	220.29	11.48	36.07	0.52	0.47	313.5	672	68
R15X1141	temperate	481.54	24.1	75.7	0.55	1.05	715.33	1362.5	106.5	221.24	11.2	35.2	0.51	0.45	331.33	523	67.67
CIMBL120	tropical/subtropical	245.8	12.08	37.95	0.51	0.57	432.33	476.5	75	223.7	10.54	33.1	0.47	0.39	315.33	514.33	67
CIMBL83	tropical/subtropical	362.48	22.41	70.4	0.57	0.94	558.67	1119	97.33	185.37	9.97	31.34	0.53	0.42	231.5	464	66.5
CIMBL123	tropical/subtropical	424.44	24.78	77.86	0.59	1.14	527	1311.33	144	174.7	9.81	30.81	0.56	0.43	178	489.33	66
05WN230	temperate	618.14	33.76	106.05	0.56	1.46	1150	2037	199.33	189.77	9.19	28.89	0.5	0.35	291.67	580.33	65.67
B73	temperate	457.5	26.46	83.13	0.58	1.2	536.33	1014.5	120	184.9	10.24	32.16	0.58	0.51	140.67	416.67	64.67
GEMS20	temperate	304.38	12.22	38.4	0.48	0.56	709	932	158.3	122.86	5.51	17.32	0.45	0.19	256.5	372.67	64.19
GEMS51	temperate	357.9	20.43	64.2	0.56	0.92	350.5	744	80.5	211.54	10.22	32.09	0.48	0.39	198.5	428	63.5
CIMBL19	tropical/subtropical	343.92	15.08	47.36	0.43	0.52	822.5	1368.5	195.94	120.49	4.95	15.56	0.41	0.16	267	333	62.72
CIMBL94	tropical/subtropical	175.78	9.57	30.05	0.54	0.41	386.5	559.5	41.08	119.06	6.01	18.87	0.51	0.24	260	426.5	62.53
BY4839	temperate	240.98	10.28	32.3	0.54	0.45	491	946.33	125.63	118.95	5.94	18.65	0.5	0.23	226.67	407.33	62.44
CML431	tropical/subtropical	249.57	12.14	38.15	0.48	0.47	321	555.67	117.47	117.41	5.41	16.99	0.46	0.2	146.33	245	61.41
CML432	tropical/subtropical	142.46	7.55	23.73	0.53	0.32	196.67	565	52.06	116.89	5.92	18.58	0.51	0.28	156.67	470	61.4
LV28	temperate	426	19.7	61.89	0.46	0.69	736.33	1325.67	134.33	200.72	8.38	26.33	0.42	0.26	302.33	474	60
CIMBL139	tropical/subtropical	217.07	12.92	40.59	0.58	0.56	470.67	708.67	114.99	112.72	6.05	19	0.55	0.26	224.33	332	59.38
CML361	tropical/subtropical	464.12	24.24	76.15	0.52	0.99	709.33	1315.67	151.33	185.61	8.58	26.96	0.44	0.31	233	390	58.67
CML172	tropical/subtropical	304.81	15.06	47.33	0.49	0.59	780	1276	179.5	111.93	5.24	16.45	0.47	0.19	313.33	385.67	58.58
CHANG3	temperate	271.92	13.55	42.57	0.5	0.53	715.5	994	273.09	111.02	5.45	17.11	0.49	0.21	277.5	361.5	58.23
MO17	temperate	154.96	9.07	28.51	0.59	0.42	360	509	152.66	108.79	6.1	19.17	0.56	0.27	253	406	57.45
CIMBL53	tropical/subtropical	537.29	19.58	61.53	0.36	0.56	1657	1941	179.86	109.4	4.51	14.16	0.41	0.15	367	365	56.95
CML171	tropical/subtropical	223.77	10.23	32.13	0.46	0.37	508	786	141.52	108.88	4.77	14.98	0.44	0.16	255.5	381	56.82
LK11	temperate	302.11	15.38	48.32	0.5	0.74	492	767.67	90.33	172.33	7.79	24.47	0.45	0.28	248	386.33	56.67
GEMS19	temperate	271.75	11.29	35.47	0.42	0.37	859.5	1150	130.86	108.45	4.19	13.16	0.39	0.13	299.5	371	56.32
B111	temperate	390.14	21.2	66.59	0.54	0.69	516.67	1306.67	117.33	176.65	10.83	34.01	0.51	0.43	262.33	718	56
U8112	temperate	371.75	17.38	54.59	0.47	0.64	430	1063.5	37	142.33	5.99	18.82	0.43	0.2	168.5	325	54
CML130	tropical/subtropical	344.67	19.93	62.6	0.58	0.9	589	1278.33	83	238.03	9.15	28.74	0.6	0.39	362.5	854.5	53.33
CIMBL82	tropical/subtropical	183.15	12.15	38.18	0.66	0.63	293	655.5	104.52	100.14	5.94	18.65	0.6	0.28	177	344	53.04
GEMS5	temperate	516.63	24.33	76.45	0.48	0.9	775.5	1610.5	225.5	112.8	5.06	15.91	0.47	0.18	107.5	269.5	53
CIMBL43	tropical/subtropical	173.72	7.82	24.57	0.45	0.28	475	454	244.13	100.18	3.79	11.9	0.38	0.11	232	258	51.98
CIMBL68	tropical/subtropical	288.17	17.15	53.89	0.6	0.8	589	996	193.23	95.99	5.93	18.62	0.62	0.29	208	374	50.96
CIMBL124	tropical/subtropical	374.71	20.32	63.83	0.54	0.87	430.67	745.5	111.67	160.14	7.55	23.73	0.47	0.28	152.33	241	50.33
GEMS49	temperate	575.16	34.51	108.41	0.65	1.82	837	1767	204.67	259.9	13.37	42.01	0.57	0.56	346	804.33	50
CIMBL125	tropical/subtropical	444.21	23.01	72.3	0.52	0.94	334	961.5	153.5	147.75	6.98	21.93	0.49	0.26	123.5	220	50
CIMBL95	tropical/subtropical	438.25	26.61	83.6	0.61	1.27	655.67	1029.67	107.67	164.55	8.81	27.67	0.54	0.4	260.33	385.33	50
CIMBL84	tropical/subtropical	389.83	29.38	92.3	0.75	2.04	360.67	520.5	54	197.84	13.19	41.42	0.67	0.81	132	296.5	50
K14	temperate	198.28	10.76	33.79	0.54	0.46	485	667	212.15	94.2	5.37	16.86	0.57	0.24	222	336.5	49.78
ZZ01	temperate	338.02	18.78	58.99	0.55	0.82	452.33	629.5	74.67	180.24	9.57	30.05	0.51	0.4	227.33	447.33	49.33
JIAO51	temperate	222.79	12.16	38.21	0.55	0.52	443.67	796.33	311.51	92.41	5.08	15.96	0.53	0.22	168.67	261.33	48.75
GEMS28	temperate	157.23	7.3	22.93	0.51	0.27	380.5	509.5	82.27	93.18	4.14	13	0.48	0.15	195	266.5	48.66
LIAO138	temperate	209.72	10.57	33.22	0.5	0.42	460.33	684.67	159.27	91.6	4.84	12.99	0.46	0.15	203.33	324	48.22
CIMBL25	tropical/subtropical	307.33	15.33	48.17	0.5	0.6	682	961	159.94	90.9	4.87	13.37	0.5	0.16	216.33	246.67	47.89
GEMS37	temperate	142.76	7.78	24.45	0.55	0.33	301.5	426.5	75.27	90.39	4.97	15.6	0.56	0.22	189.5	292.5	47.68
BY855	temperate	428.15	27.56	86.57	0.62	1.4	286.33	767.67	92	189.9	12.95	40.68	0.61	0.57	121	314	47.67
GEMS30	temperate	312.73	15.41	48.43	0.49	0.6	571.33	761	83	152.61	6.33	19.9	0.42	0.21	257.33	293.67	47.33
CIMBL51	tropical/subtropical	299.35	15.89	49.92	0.56	0.7	294.33	510.67	51	160.5	8.64	27.14	0.49	0.34	174	330.33	47.33
BS16	temperate	279.94	14.58	45.81	0.52	0.6	511	730.5	55.5	169.15	8.8	27.65	0.52	0.36	259	417.5	47
835A	temperate	180.26	8.54	26.82	0.47	0.32	387.67	484	94.4	89.27	4.01	12.61	0.45	0.14	197.67	246.67	46.64
TY1	temperate	240.54	13.17	41.38	0.55	0.57	399.33	544.5	55.33	156.56	7.88	24.76	0.5	0.31	245.33	399.33	46.5
GEMS40	temperate	146.11	8.08	25.38	0.55	0.35	250	329	77.09	88.44	4.11	12.91	0.47	0.15	184	238.5	46.27
SY1039	temperate	409.47	20.6	64.72	0.5	0.81	565	992.67	92.33	185	8.34	26.19	0.45	0.3	184	328.33	45
CIMBL3	tropical/subtropical	369.7	19.72	61.96	0.54	0.83	409.67	765.33	66.5	129.58	5.37	16.88	0.42	0.18	134	168.5	45
526018	temperate	399.8	19.08	59.94	0.48	0.72	698	1200.67	108.33	147.3	6.61	20.78	0.46	0.23	250.67	383.33	44.67
CIMBL48	tropical/subtropical	356.77	25.51	80.14	0.63	1.26	541.33	879.67	95	222.82	9.61	30.2	0.54	0.49	272	492.67	44.5
BY807	temperate	314.55	18.56	58.32	0.59	0.86	380.5	957.33	72.33	180.92	7.7	24.18	0.56	0.32	235.67	468.67	43.33
GEMS61	temperate	264.14	16.03	50.36	0.58	0.77	327	657.67	64.67	123.37	5.7	17.91	0.51	0.21	148.67	325.33	43.33
DAN4245	temperate	215.57	11.29	35.45	0.54	0.47	311	652	68.67	110.69	5.4	16.95	0.5	0.13	124.67	192	42.67
SC55	tropical/subtropical	354.97	19.48	61.21	0.56	0.88	225.67	584	93	184.47	10.19	32	0.55	0.36	101	299	42.5
CML415	tropical/subtropical	354.16	19.11	60.05	0.54	0.81	510.5	1192.5	100.5	120.16	5.98	18.78	0.5	0.23	152.5	345.5	42
CIMBL54	tropical/subtropical	337.08	18.34	57.61	0.55	0.79	458.5	759.5	72	144.77	7.77	24.41	0.54	0.33	179.5	305.5	42
GEMS3	temperate	203.36	8.48	26.64	0.42	0.28	286	402.5	58.5	105.52	4	12.56	0.38	0.12	115	189.5	41.5
CIMBL56	tropical/subtropical	590.24	33.88	106.44	0.57	1.53	951	1975.5	157.5	138.51	7.1	22.29	0.51	0.29	205.5	336.5	41
LIAO5114	temperate	420.56	21.84	68.6	0.53	0.9	769.33	1223.67	128.33	126.4	5.67	17.82	0.54	0.26	217.67	350.33	41
MO113	temperate	302.07	14.74	46.29	0.49	0.57	746	1246	127.57	77.52	4.12	12.94	0.53	0.17	206	322	40.82
CHUAN48-2	temperate	317.3	18.19	57.13	0.58	0.82	550.5	1327	104	120.55	5.76	18.11	0.48	0.22	201.5	362.5	40.5
CML139	tropical/subtropical	309.9	16.75	52.61	0.53	0.71	216.5	509.33	78.67	165.64	8.52	26.78	0.52	0.34	131.33	249.67	40.33
JY01	temperate	319.27	21.62	67.93	0.65	1.15	665.33	1077	64.67	146.26	8.51	26.74	0.58	0.44	335.67	536.67	40.33
SY1052	temperate	500.15	25.24	79.3	0.48	1	439	1639.33	210.67	102.21	3.58	14.36	0.45	0.16	129	252	40
DONG237	temperate	296.27	15.44	48.51	0.6	0.72	399.33	872	56.67	162.51	9.54	29.97	0.59	0.44	193.33	462.33	40
GEMS17	temperate	233.14	13.94	43.8	0.59	0.66	324.5	389	45.5	152.71	7.73	24.3	0.51	0.31	215	251.5	40
SY3073	temperate	347.28	20.4	64.09	0.59	0.71	544.33	1314.33	102.33	126.81	6.74	21.16	0.52	0.28	168.33	293.67	39.67
LX9801	temperate	404.47	26.4	82.93	0.65	1.19	657.33	1171	77.67	153.17	9.05	28.43	0.59	0.42	236.33	427.33	39.33
GEMS1	temperate	287.54	15.08	47.36	0.5	0.79	654	1344.33	143.33	97.2	5.66	17.78	0.48	0.21	208.33	418	39
CML122	tropical/subtropical	330.35	17.74	55.74	0.54	0.75	329	568	86	153.19	7.59	23.84	0.48	0.28	142	247	39
GEMS32	temperate	149.7	7.87	24.72	0.53	0.33	187	288	49	89.48	3.96	12.43	0.44	0.14	132	214	39
R15	temperate	183.84	11.33	35.59	0.62	0.55	232	404	40	139.03	8.32	26.15	0.6	0.39	134	279	39
CML324	tropical/subtropical	553.47	27.18	85.39	0.55	1.17	850	1865.33	125.67	186.24	8.34	26.2	0.5	0.33	253	513.33	38.67
RY713	temperate	430.85	25.55	80.28	0.59	1.19	782	1541.33	108.67	114.56	5.76	18.09	0.5	0.23	227.33	431.67	37.67
GEMS55	temperate	359.63	20.87	65.55	0.59	0.96	406	824.67	77.67	151.02	8.17	25.67	0.56	0.35	166	360	37.67
CML31	tropical/subtropical	436.73	24.05	75.54	0.55	1.02	773	1311.33	114.67	145.02	7.63	23.97	0.53	0.32	213.67	358.67	37.33
CIMBL42	tropical/subtropical	393.27	27.5	86.41	0.64	1.38	556.33	1005	67	176.85	9.94	31.22	0.57	0.44	199	375	37.33
J4112	temperate	372.45	23.53	73.91	0.63	1.17	713.67	1443.5	75	139.39	8.08	25.38	0.56	0.34	257.67	458.33	37
YU374	temperate	210.18	10.03	31.52	0.48	0.38	214.67	621	64	50.3	3.14	7.48	0.47	0.09	69	214	37
CIMBL1	tropical/subtropical	253.4	16.03	50.35	0.63	0.8	194	383	46	153.85	9.16	28.78	0.6	0.48	93.67	213	36.67
NAN21-3	tropical/subtropical	626.74	30.96	97.25	0.49	1.2	1328.67	2363.5	212	133.98	5.89	18.49	0.44	0.2	325	377.33	36.33
1462	temperate	318.38	16.81	52.82	0.53	0.7	350	1007.5	105.5	141.11	7.13	22.41	0.5	0.28	158.5	370	36
CML121	tropical/subtropical	272.31	7.95	24.97	0.45	0.27	413	474.5	94	116.67	4.76	14.94	0.44	0.16	135	250	36
CIMBL151	tropical/subtropical	356.38	23	72.27	0.64	1.17	235.33	593.67	75	154.26	8.96	28.16	0.58	0.41	94.67	247.67	36
9642	temperate	554.65	31.87	100.14	0.57	1.37	906.33	1719.33	141	147.73	6.68	21	0.47	0.24	252.33	344.67	35
CIMBL92	tropical/subtropical	498.42	27.39	86.05	0.61	1.32	565.33	1158.33	115.33	135.38	7.21	22.64	0.53	0.3	192.33	244.33	35
BY4944	temperate	110.4	6.38	20.03	0.57	0.32	279	305.5	58.39	66.23	3.33	10.45	0.55	0.14	159.5	197.5	34.78
M97	temperate	215.23	12.44	39.09	0.58	0.57	564	898.67	224.46	64.67	3.63	11.4	0.55	0.16	194	301.33	34.15
CIMBL66	tropical/subtropical	417.35	21.99	69.1	0.51	0.91	839.67	1543	143	131.55	6.25	19.63	0.53	0.29	176.33	493.67	34
CIMBL143	tropical/subtropical	338.84	20.95	65.83	0.63	1.02	708	1122	92	110.44	5.99	18.83	0.54	0.26	230.5	311	34
CIMBL23	tropical/subtropical	342.05	20.22	63.51	0.59	0.94	357.33	659.67	75	133.16	6.95	21.84	0.53	0.28	126.67	225.67	33.67
CML338	tropical/subtropical	346.07	18.71	58.77	0.54	0.79	394.33	701.33	83.33	116.21	5.33	16.75	0.46	0.19	128	164.5	33.33
CML327	tropical/subtropical	336.18	20.3	63.78	0.61	0.96	549	956.67	60.33	163.16	9.24	29.03	0.57	0.35	223.67	381.33	32.67
CML423	tropical/subtropical	239.61	15.52	48.75	0.63	0.79	612.33	1140.33	110.15	61.4	3.76	11.83	0.61	0.18	189	228.67	32.58
CIMBL157	tropical/subtropical	173.13	10.13	31.83	0.59	0.47	173.5	335.5	39	100.62	5.65	17.74	0.56	0.25	107.5	252.5	32.5
CIMBL38	tropical/subtropical	184.89	10.93	34.34	0.6	0.51	231	369.5	41.5	80.68	4.33	13.61	0.56	0.18	161	234	32
WH413	temperate	419.63	18.55	58.26	0.44	0.65	430	996.5	176	85.14	4.05	12.73	0.5	0.16	83.5	220	31
YE8001	temperate	291.55	15.68	49.27	0.52	0.73	290	662	83	117.3	5.89	18.5	0.52	0.23	107.5	252.33	31
CIMBL21	tropical/subtropical	242.82	13.12	41.23	0.57	0.57	295.5	415	54.5	99.46	4.57	14.36	0.5	0.17	115	155.5	31
CML20	tropical/subtropical	180.35	9.39	29.49	0.52	0.39	180.33	316	36	125.77	6.06	19.03	0.48	0.23	118.5	224	31
GEMS41	temperate	98.47	5.64	17.73	0.57	0.25	296	432	75.01	57.88	3.39	10.65	0.59	0.16	175.5	258	30.64
GEMS39	temperate	422.19	23.43	73.6	0.56	1.02	852.5	1518.5	119.5	111.84	5.47	17.17	0.49	0.21	205.5	306	30.5
CIMBL77	tropical/subtropical	274.5	18.48	58.06	0.68	0.98	248.5	788	51.5	143.37	8	25.13	0.55	0.35	133.5	333	30.5
CIMBL87	tropical/subtropical	342.95	19.04	59.81	0.55	0.83	318.33	515	55	150.07	7.14	22.43	0.48	0.27	131.67	196	30
GY386	temperate	358.66	19.07	59.91	0.74	1.11	378	713	54	93.5	8.61	27.06	0.63	0.45	118.67	225.67	29.67
CIMBL40	tropical/subtropical	273.17	16.44	51.63	0.61	0.78	362	505	43	119.34	6.29	19.76	0.53	0.26	154	254	29.67
8902	temperate	362.36	22.21	69.77	0.62	1.07	606.5	1249	136.5	98.69	5.42	17.03	0.67	0.24	179	320	28.67
BY809	temperate	368.89	19.72	61.95	0.54	0.83	575.5	1141.5	81	120.29	6.42	20.18	0.53	0.27	183	344	28.5
ZHENG30	temperate	132.02	8.54	26.81	0.65	0.44	187.5	331.33	70.28	53.69	3.22	10.11	0.65	0.16	112.33	183	28.46
ZONG31	temperate	107.62	6.5	20.42	0.6	0.31	211	306	28	90.34	4.77	14.99	0.53	0.2	202	274	28
CIMBL86	tropical/subtropical	488.83	24.76	77.79	0.59	1.17	1022.67	1723.33	112	156.62	8.2	25.76	0.53	0.34	297	382.33	27.67
W138	temperate	339.17	19.75	62.04	0.59	0.91	731	1306	82	112.56	6.75	21.22	0.65	0.33	205.67	393	27.33
CML189	tropical/subtropical	387.29	23.39	73.47	0.65	1.22	423	635.33	64.33	118.1	6.84	21.48	0.55	0.3	161	224.67	27.33
P178	tropical/subtropical	76.9	5.26	16.53	0.7	0.28	184	296.5	NA	50.57	3.19	10.01	0.65	0.16	142.5	242	26.88
TY6	temperate	275.93	16.21	50.93	0.59	0.75	439	606	39	127.95	7.15	22.45	0.56	0.31	170.5	253	26.5
CIMBL27	tropical/subtropical	227.88	12.22	38.4	0.54	0.52	405.33	555	50.67	100.68	5.1	16.02	0.51	0.18	168.5	222.67	26.33
CIMBL133	tropical/subtropical	318.67	12.17	38.23	0.53	0.52	416.67	470	80.67	91.66	4.44	13.96	0.46	0.12	119.67	209	25.67
GEMS11	temperate	224.76	14.17	44.5	0.63	0.7	208	529	51.33	95.35	4.72	14.82	0.55	0.22	105	213	25.67
TY4	temperate	476.68	27.74	87.16	0.58	1.27	778.67	1335.33	88.33	154.9	8.68	27.27	0.56	0.38	279.67	336.33	25.33
CIMBL150	tropical/subtropical	210.78	13.62	42.79	0.58	0.63	325	430	39.67	120.97	6.3	19.78	0.52	0.26	191	276.33	25.33
TY2	temperate	140.62	9.4	29.54	0.67	0.49	348	408.5	92.67	47.46	2.99	9.38	0.63	0.15	107	134.5	25.22
CIMBL142	tropical/subtropical	228.17	11.92	37.44	0.54	0.49	272.5	420	52.5	88.94	4.67	14.66	0.52	0.19	101.5	182	25
CIMBL96	tropical/subtropical	207.92	13.45	42.26	0.65	0.55	260.67	523.33	39	104.77	4.94	15.51	0.65	0.23	119.67	232	25
CIMBL74	tropical/subtropical	199.14	12.7	39.9	0.64	0.64	327.33	392	29.67	98.42	5.49	17.24	0.54	0.24	191.67	232.67	25
CIMBL13	tropical/subtropical	201.79	10.66	33.48	0.53	0.44	471.33	569.33	118.02	47.27	2.62	8.23	0.58	0.12	111	85.67	24.95
CIMBL89	tropical/subtropical	460.38	31.99	100.49	0.64	1.31	577	1230.67	125	102.14	6.18	19.4	0.58	0.29	139.67	268.33	24.67
CIMBL129	tropical/subtropical	410.7	26.55	83.42	0.65	1.35	653.33	1337.33	80.33	117.07	7.35	23.1	0.63	0.37	134	341	24.67
CML486	tropical/subtropical	188.68	10.19	32	0.56	0.44	234	398.5	36.5	117.67	5.49	17.26	0.5	0.2	154	227.5	24.5
CIMBL32	tropical/subtropical	270.99	13.41	42.12	0.49	0.52	424	601.33	61.67	108.4	5.1	16.01	0.48	0.19	154	199.33	24.33
SW92E114	temperate	363.81	19.24	60.46	0.53	0.8	516.5	823.5	78	127.43	6.39	20.08	0.5	0.25	192.5	248.5	24
Q1261	temperate	341.66	18.21	57.2	0.53	0.76	580	1086	77	107.16	5.4	16.97	0.5	0.21	166.5	288.5	24
CIMBL62	tropical/subtropical	288.21	18.48	58.06	0.64	0.93	279	447	41.33	122.09	6.49	19.75	0.53	0.27	120.33	238	24
GEMS31	temperate	315.11	17.24	54.15	0.63	1	431.5	820	63	80.78	4.07	12.78	0.57	0.21	139.67	236	23
GEMS29	temperate	170.91	8.65	27.17	0.5	0.35	372.5	472.5	40.5	95.41	4.41	13.87	0.46	0.16	207.5	267.5	22.5
CIMBL113	tropical/subtropical	476.39	26.39	82.91	0.55	1.15	652.67	1427.67	125.67	100.64	5.06	15.9	0.51	0.2	127	211.67	22.33
CML118	tropical/subtropical	311.56	12.63	39.67	0.41	0.41	438.5	587	75.5	126.66	5.22	16.39	0.41	0.17	153.33	212	22.33
CIMBL22	tropical/subtropical	244.27	16.4	51.54	0.61	0.73	334.67	461	35.33	132.43	7.05	22.15	0.54	0.28	178.67	246	22.33
B77	temperate	206.43	10.46	32.86	0.54	0.47	380	565.33	33	94.91	4.55	14.31	0.48	0.17	170.33	207.67	22.33
303WX	temperate	295.62	14.2	44.61	0.48	0.54	297.5	499	56.5	109.59	5.17	16.25	0.47	0.19	96	194	21.5
CIMBL144	tropical/subtropical	191.35	9.2	28.9	0.48	0.35	433.5	581.5	41.5	64.3	2.9	9.11	0.47	0.1	153.5	186.5	21.5
CIMBL88	tropical/subtropical	282.1	18.96	59.56	0.67	1	363	625.5	35	158.31	10.24	32.17	0.65	0.52	177.67	193.5	21.33
CIMBL59	tropical/subtropical	322.12	17.55	55.15	0.55	0.75	542.33	988.33	67.33	96.19	5.16	16.2	0.55	0.18	163	247.33	21
ZB648	temperate	237.52	16.08	50.5	0.7	0.86	251.33	411.33	40	86.48	5.16	16.21	0.63	0.24	108.33	173	20.33
GEMS16	temperate	248.22	19.27	60.53	0.68	0.95	293.33	527.67	28.33	175.54	8.75	27.48	0.59	0.42	169.67	347	20.33
JH59	temperate	263.78	18.23	57.28	0.69	0.99	381	580.5	33.5	126.56	8.35	26.24	0.66	0.43	172.5	245.5	19.5
HUA83-2	temperate	166.94	10.19	32.02	0.61	0.49	227	347	24.5	67.64	3.44	10.8	0.51	0.14	100.5	168	19.5
TY5	temperate	142.22	8.74	27.45	0.64	0.42	174	198.5	19	92.1	4.92	15.46	0.63	0.21	149.5	166	19
ZHONG69	temperate	206.66	10.55	33.13	0.52	0.42	210.5	350.5	49.33	88.06	4.06	9.08	0.48	0.12	134	153.5	18.67
CML493	tropical/subtropical	113.26	6.52	20.47	0.57	0.3	209.33	337	82.01	34.79	2.3	7.23	0.58	0.11	63.33	74.33	18.55
CIMBL127	tropical/subtropical	308.31	19.28	60.57	0.63	0.95	393.67	816.5	84	116.71	7.01	22.02	0.68	0.34	54.5	191.5	18.5
GEMS58	temperate	286.13	16.16	50.78	0.57	0.72	484.67	685	60	116.7	6.89	21.66	0.56	0.36	206.5	241.5	18.5
CIMBL91	tropical/subtropical	336.34	18.8	59.07	0.56	0.83	692	1301	106	88.49	4.48	14.06	0.51	0.18	209.5	257.5	18
CML470	tropical/subtropical	259.98	17.89	56.21	0.68	0.97	377.33	580.67	47.67	53.78	4.86	15.26	0.65	0.25	102.33	145.33	18
CML298	tropical/subtropical	246.17	15.9	49.95	0.64	0.81	364	556	39.67	92.57	5.18	16.27	0.56	0.23	138.67	183.33	18
CIMBL81	tropical/subtropical	335.61	25.05	78.71	0.75	1.47	333.5	634.5	31	146.92	9.2	28.92	0.62	0.46	143	251.5	18
CIMBL75	tropical/subtropical	271.1	15.36	48.25	0.57	0.69	373	509	54.67	67.14	4.61	14.5	0.52	0.18	103.67	129.33	17.67
CIMBL90	tropical/subtropical	355.21	20.85	65.52	0.59	0.96	705.5	1063	72	117.08	6.87	21.57	0.59	0.32	273.5	294	17.5
CHENG698	temperate	145.38	8.72	27.39	0.62	0.41	219.67	235.5	24	65.49	4.92	15.45	0.58	0.23	130	189.67	16.33
CIMBL116	tropical/subtropical	70.72	5.02	15.76	0.71	0.28	230.5	183	278.44	30.01	2.19	6.87	0.73	0.13	101.5	91	16.1
B114	temperate	229.4	18.11	56.88	0.78	1.12	217.67	369.67	31	93.17	6.59	20.7	0.71	0.37	118.33	156.67	16
CML454	tropical/subtropical	176.7	11.89	37.34	0.67	0.63	234	398.33	22.33	93.06	5.77	18.13	0.63	0.26	129	183	15.67
238	temperate	328.84	21.71	68.21	0.66	1.13	546.33	1159	63	96.72	5.71	17.94	0.6	0.27	106	243	15.33
CML32	tropical/subtropical	159.74	9.95	31.25	0.62	0.49	152.5	286	29.33	90.78	5.43	17.07	0.59	0.26	115	160	14.67
DH3732	temperate	161.81	9.03	28.37	0.56	0.4	266.33	408	39.33	64.62	3.7	11.63	0.63	0.17	114	158.5	14.5
CIMBL55	tropical/subtropical	96.93	6.21	19.51	0.64	0.31	123	263	16.5	69.2	3.9	12.25	0.56	0.17	90.5	192.5	14.5
QI205	temperate	160.56	9.76	30.67	0.62	0.48	212.33	265.67	16.67	80.33	4.54	14.26	0.57	0.2	103.33	147.67	14.33
CML304	tropical/subtropical	183.65	10.49	32.97	0.58	0.41	217	434.67	29	71.03	3.91	12.29	0.58	0.15	98.33	158.33	14
CML192	tropical/subtropical	178.09	11.15	35.02	0.62	0.55	165.67	209.33	23.33	108.98	6.17	19.38	0.57	0.28	128	145.67	13.5
CIMBL108	tropical/subtropical	66.59	5.05	15.87	0.76	0.3	169	195	181.34	24.9	1.48	5.78	0.71	0.08	70.33	108	13.19
CIMBL93	tropical/subtropical	91.93	6.1	19.17	0.67	0.32	58	73.5	15	59.44	3.58	11.25	0.64	0.17	47	52	13
GEMS59	temperate	335.17	25.55	80.28	0.76	1.53	516.67	825.33	28.67	133.64	9.29	29.2	0.73	0.54	202	338	12.67
ZHENG29	temperate	176.8	9.02	28.33	0.51	0.36	306.5	390	24.5	73.62	3.54	11.11	0.49	0.13	131	165.5	12.5
CIMBL16	tropical/subtropical	105.59	6.27	19.71	0.6	0.29	103	265	22.5	47.4	2.42	7.62	0.52	0.1	51	163.5	12.5
07KS4	temperate	118.77	7.25	22.78	0.59	0.35	147	245.5	15	69.34	3.76	11.81	0.54	0.14	125	165	12.33
CIMBL140	tropical/subtropical	245.96	14.76	46.36	0.61	0.7	472	585	44.5	74.02	3.93	12.34	0.59	0.17	157.5	151	12
DAN599	tropical/subtropical	358.86	27.16	85.32	0.76	1.61	528	818.33	36.33	75.48	5.72	17.96	0.76	0.34	81.67	135	12
GEMS50	temperate	181.79	9.95	31.26	0.56	0.43	211.67	286.67	23.67	84.95	4.59	14.41	0.54	0.2	97.67	127.33	12
CIMBL11	tropical/subtropical	150.8	8.36	26.27	0.55	0.37	171	260	27.5	52.49	2.85	8.96	0.54	0.12	48.5	81.5	11.5
CML479	tropical/subtropical	207.36	10.44	32.8	0.5	0.41	385.5	517.5	42.5	72.53	3.72	11.69	0.51	0.15	134.5	158	11
18-599	temperate	128.18	8.55	26.86	0.66	0.45	173.33	208.67	12.67	64.67	4.47	14.05	0.6	0.22	113.67	183	10.33
K12	temperate	101.99	6.11	19.2	0.63	0.29	144.5	216.5	14.5	71.04	4.17	13.11	0.62	0.2	108	159.5	10
YE52106	temperate	247.81	15.37	48.27	0.63	0.75	441.5	853.5	55.5	70.43	4.26	13.38	0.63	0.21	130.5	182.5	9.5
CIMBL122	tropical/subtropical	162.18	12.23	38.43	0.76	0.73	133	205	21	70.27	4.84	15.19	0.69	0.26	101.5	145.5	9.5
CIMBL52	tropical/subtropical	128.2	8.2	25.77	0.64	0.41	95.5	145.5	13	67.14	3.67	11.52	0.55	0.16	39.5	58.5	9.5
LG001	temperate	307.11	20.59	64.7	0.67	1.09	497.5	695.33	30.67	88.72	5.43	17.07	0.62	0.26	120	143.5	9.33
GEMS2	temperate	287.33	14.2	44.6	0.49	0.55	684.5	865.67	64	49.98	2.68	8.41	0.58	0.14	170.33	205.5	9
CIMBL6	tropical/subtropical	111.29	9.72	30.53	0.73	0.47	86	133.33	16.33	50	3.24	10.17	0.68	0.17	46.33	70.67	8.67
TY11	temperate	134.92	8.76	27.52	0.65	0.45	113.5	169	12.67	62.34	3.93	12.34	0.71	0.2	88.67	116.67	8.67
CA47	temperate	172.59	11.17	35.09	0.65	0.57	252.5	455	22.5	42.75	2.48	7.78	0.58	0.11	50.5	82.5	8.5
CIMBL2	tropical/subtropical	124.63	7.67	24.1	0.62	0.37	254	481.67	15.5	60.91	3.36	10.54	0.57	0.15	108	184.67	8.33
CIMBL28	tropical/subtropical	249.38	14.52	45.63	0.58	0.67	341.5	529	41.5	61.35	3.28	10.29	0.53	0.14	90	111.5	8
GEMS15	temperate	220.26	11.77	36.98	0.53	0.49	267	508	41	72.13	3.61	11.33	0.5	0.14	94	122	8
CML170	tropical/subtropical	223.2	15.27	47.96	0.69	0.82	340.67	424.33	17.33	82.42	5.41	17	0.66	0.28	130	151.33	8
ZZ03	temperate	180.43	12.15	38.17	0.68	0.64	177	340	21	58.84	3.92	12.32	0.66	0.21	57	110	7.5
LIAO5262	temperate	101.39	5.58	17.51	0.55	0.24	225	299.67	13.33	53.83	3.62	11.38	0.53	0.15	130	163	7
TY3	temperate	62.16	3.74	11.76	0.6	0.18	91	140	9	49.22	2.98	9.35	0.6	0.14	77	126	7
CIMBL121	tropical/subtropical	176.65	12.15	38.18	0.69	0.66	206.5	282	14	65.62	3.95	12.4	0.6	0.19	86.5	108.5	6.5
CML323	tropical/subtropical	400.27	23.5	73.83	0.57	1.14	705	1374.67	103	97.98	5.37	16.88	0.58	0.23	137.5	160.5	6
CIMBL47	tropical/subtropical	269.69	17.81	55.94	0.62	0.92	180.67	177.67	20	53.81	3.51	11.02	0.66	0.18	52.33	50.67	6
CIMBL79	tropical/subtropical	195	13.42	42.16	0.7	0.73	188.33	316	25.33	70.19	4.12	12.93	0.6	0.19	103.33	164.67	5.5
835B	temperate	245.95	16.25	51.06	0.68	0.9	280.33	498	23	71.22	4.65	14.62	0.65	0.2	81.33	116.33	5.33
Z2018F	temperate	182.4	12.03	37.78	0.66	0.62	218	370	17	66.93	4.08	12.83	0.61	0.2	137	155	5
EN25	temperate	89.4	4.48	14.08	0.5	0.16	167.67	193.33	10	41.9	2.27	7.12	0.5	0.08	72.33	87.33	5
CIMBL109	tropical/subtropical	121.66	8.77	27.56	0.72	0.5	128	141.5	5.5	49.27	3.07	9.65	0.63	0.15	77	78.5	3.5
CIMBL60	tropical/subtropical	104.98	6.84	21.49	0.66	0.35	152	174.5	9.5	36.38	2.38	7.49	0.67	0.12	59	57	2.5
CIMBL46	tropical/subtropical	126.44	9.16	28.77	0.72	0.52	83.67	102.67	10	39.9	3.28	10.31	0.72	0.16	31.33	45	2.33
CIMBL58	tropical/subtropical	208.59	17.21	54.07	0.82	1.12	260.67	386	15	50.36	4.19	13.16	0.83	0.27	74	92	2
CIMBL49	tropical/subtropical	107.04	8.17	25.68	0.76	0.49	73	111.5	14	31.34	2.26	7.09	0.72	0.13	34	43	1.5
CIMBL100	tropical/subtropical	88.27	6.88	21.61	0.78	0.42	94	145	3.5	37.88	3.08	9.69	0.81	0.2	44	76	1
GEMS42	temperate	56.02	3.4	10.67	0.61	0.16	84	106	1	28.3	1.6	5.03	0.57	0.07	45	45	1
CIMBL101	tropical/subtropical	40.46	2.63	8.26	0.66	0.13	63	76	1.5	8.98	0.58	1.81	0.64	0.03	13	12	0
