chr1	0	999999	0
chr1	1000000	1999999	2
chr1	2000000	2999999	5
chr1	3000000	3999999	2
chr1	4000000	4999999	1
chr1	5000000	5999999	3
chr1	6000000	6999999	3
chr1	7000000	7999999	2
chr1	8000000	8999999	2
chr1	9000000	9999999	2
chr1	10000000	10999999	2
chr1	11000000	11999999	5
chr1	12000000	12999999	2
chr1	13000000	13999999	1
chr1	14000000	14999999	0
chr1	15000000	15999999	0
chr1	16000000	16999999	2
chr1	17000000	17999999	3
chr1	18000000	18999999	0
chr1	19000000	19999999	0
chr1	20000000	20999999	0
chr1	21000000	21999999	0
chr1	22000000	22999999	2
chr1	23000000	23999999	1
chr1	24000000	24999999	0
chr1	25000000	25999999	2
chr1	26000000	26999999	2
chr1	27000000	27999999	0
chr1	28000000	28999999	2
chr1	29000000	29999999	0
chr1	30000000	30999999	0
chr1	31000000	31999999	3
chr1	32000000	32999999	2
chr1	33000000	33999999	4
chr1	34000000	34999999	2
chr1	35000000	35999999	3
chr1	36000000	36999999	1
chr1	37000000	37999999	1
chr1	38000000	38999999	0
chr1	39000000	39999999	1
chr1	40000000	40999999	1
chr1	41000000	41999999	1
chr1	42000000	42999999	3
chr1	43000000	43999999	1
chr1	44000000	44999999	2
chr1	45000000	45999999	7
chr1	46000000	46999999	2
chr1	47000000	47999999	0
chr1	48000000	48999999	3
chr1	49000000	49999999	2
chr1	50000000	50999999	0
chr1	51000000	51999999	0
chr1	52000000	52999999	5
chr1	53000000	53999999	2
chr1	54000000	54999999	4
chr1	55000000	55999999	1
chr1	56000000	56999999	1
chr1	57000000	57999999	2
chr1	58000000	58999999	3
chr1	59000000	59999999	2
chr1	60000000	60999999	3
chr1	61000000	61999999	1
chr1	62000000	62999999	4
chr1	63000000	63999999	0
chr1	64000000	64999999	4
chr1	65000000	65999999	2
chr1	66000000	66999999	3
chr1	67000000	67999999	1
chr1	68000000	68999999	1
chr1	69000000	69999999	2
chr1	70000000	70999999	0
chr1	71000000	71999999	2
chr1	72000000	72999999	0
chr1	73000000	73999999	0
chr1	74000000	74999999	0
chr1	75000000	75999999	0
chr1	76000000	76999999	0
chr1	77000000	77999999	4
chr1	78000000	78999999	1
chr1	79000000	79999999	2
chr1	80000000	80999999	1
chr1	81000000	81999999	0
chr1	82000000	82999999	3
chr1	83000000	83999999	2
chr1	84000000	84999999	0
chr1	85000000	85999999	0
chr1	86000000	86999999	1
chr1	87000000	87999999	1
chr1	88000000	88999999	2
chr1	89000000	89999999	1
chr1	90000000	90999999	1
chr1	91000000	91999999	1
chr1	92000000	92999999	2
chr1	93000000	93999999	2
chr1	94000000	94999999	2
chr1	95000000	95999999	0
chr1	96000000	96999999	0
chr1	97000000	97999999	1
chr1	98000000	98999999	0
chr1	99000000	99999999	2
chr1	100000000	100999999	1
chr1	101000000	101999999	0
chr1	102000000	102999999	0
chr1	103000000	103999999	3
chr1	104000000	104999999	1
chr1	105000000	105999999	4
chr1	106000000	106999999	1
chr1	107000000	107999999	3
chr1	108000000	108999999	0
chr1	109000000	109999999	1
chr1	110000000	110999999	0
chr1	111000000	111999999	2
chr1	112000000	112999999	1
chr1	113000000	113999999	0
chr1	114000000	114999999	0
chr1	115000000	115999999	0
chr1	116000000	116999999	3
chr1	117000000	117999999	1
chr1	118000000	118999999	1
chr1	119000000	119999999	0
chr1	120000000	120999999	2
chr1	121000000	121999999	2
chr1	122000000	122999999	0
chr1	123000000	123999999	1
chr1	124000000	124999999	1
chr1	125000000	125999999	0
chr1	126000000	126999999	3
chr1	127000000	127999999	1
chr1	128000000	128999999	1
chr1	129000000	129999999	1
chr1	130000000	130999999	1
chr1	131000000	131999999	0
chr1	132000000	132999999	2
chr1	133000000	133999999	1
chr1	134000000	134999999	1
chr1	135000000	135999999	0
chr1	136000000	136999999	1
chr1	137000000	137999999	1
chr1	138000000	138999999	1
chr1	139000000	139999999	1
chr1	140000000	140999999	1
chr1	141000000	141999999	3
chr1	142000000	142999999	4
chr1	143000000	143999999	1
chr1	144000000	144999999	0
chr1	145000000	145999999	1
chr1	146000000	146999999	0
chr1	147000000	147999999	2
chr1	148000000	148999999	0
chr1	149000000	149999999	0
chr1	150000000	150999999	0
chr1	151000000	151999999	1
chr1	152000000	152999999	1
chr1	153000000	153999999	0
chr1	154000000	154999999	0
chr1	155000000	155999999	0
chr1	156000000	156999999	1
chr1	157000000	157999999	1
chr1	158000000	158999999	1
chr1	159000000	159999999	2
chr1	160000000	160999999	0
chr1	161000000	161999999	0
chr1	162000000	162999999	1
chr1	163000000	163999999	5
chr1	164000000	164999999	0
chr1	165000000	165999999	0
chr1	166000000	166999999	0
chr1	167000000	167999999	1
chr1	168000000	168999999	0
chr1	169000000	169999999	0
chr1	170000000	170999999	0
chr1	171000000	171999999	1
chr1	172000000	172999999	0
chr1	173000000	173999999	2
chr1	174000000	174999999	1
chr1	175000000	175999999	0
chr1	176000000	176999999	0
chr1	177000000	177999999	0
chr1	178000000	178999999	3
chr1	179000000	179999999	3
chr1	180000000	180999999	1
chr1	181000000	181999999	1
chr1	182000000	182999999	2
chr1	183000000	183999999	2
chr1	184000000	184999999	1
chr1	185000000	185999999	1
chr1	186000000	186999999	1
chr1	187000000	187999999	0
chr1	188000000	188999999	1
chr1	189000000	189999999	5
chr1	190000000	190999999	2
chr1	191000000	191999999	0
chr1	192000000	192999999	1
chr1	193000000	193999999	1
chr1	194000000	194999999	2
chr1	195000000	195999999	1
chr1	196000000	196999999	2
chr1	197000000	197999999	2
chr1	198000000	198999999	1
chr1	199000000	199999999	1
chr1	200000000	200999999	0
chr1	201000000	201999999	6
chr1	202000000	202999999	1
chr1	203000000	203999999	0
chr1	204000000	204999999	1
chr1	205000000	205999999	2
chr1	206000000	206999999	4
chr1	207000000	207999999	0
chr1	208000000	208999999	0
chr1	209000000	209999999	3
chr1	210000000	210999999	0
chr1	211000000	211999999	3
chr1	212000000	212999999	2
chr1	213000000	213999999	1
chr1	214000000	214999999	2
chr1	215000000	215999999	3
chr1	216000000	216999999	1
chr1	217000000	217999999	3
chr1	218000000	218999999	0
chr1	219000000	219999999	2
chr1	220000000	220999999	0
chr1	221000000	221999999	2
chr1	222000000	222999999	0
chr1	223000000	223999999	0
chr1	224000000	224999999	0
chr1	225000000	225999999	3
chr1	226000000	226999999	3
chr1	227000000	227999999	1
chr1	228000000	228999999	4
chr1	229000000	229999999	1
chr1	230000000	230999999	0
chr1	231000000	231999999	2
chr1	232000000	232999999	4
chr1	233000000	233999999	2
chr1	234000000	234999999	2
chr1	235000000	235999999	0
chr1	236000000	236999999	0
chr1	237000000	237999999	0
chr1	238000000	238999999	1
chr1	239000000	239999999	3
chr1	240000000	240999999	1
chr1	241000000	241999999	0
chr1	242000000	242999999	1
chr1	243000000	243999999	4
chr1	244000000	244999999	1
chr1	245000000	245999999	0
chr1	246000000	246999999	0
chr1	247000000	247999999	0
chr1	248000000	248999999	2
chr1	249000000	249999999	1
chr1	250000000	250999999	0
chr1	251000000	251999999	1
chr1	252000000	252999999	2
chr1	253000000	253999999	0
chr1	254000000	254999999	2
chr1	255000000	255999999	1
chr1	256000000	256999999	3
chr1	257000000	257999999	0
chr1	258000000	258999999	2
chr1	259000000	259999999	0
chr1	260000000	260999999	4
chr1	261000000	261999999	1
chr1	262000000	262999999	3
chr1	263000000	263999999	2
chr1	264000000	264999999	1
chr1	265000000	265999999	0
chr1	266000000	266999999	3
chr1	267000000	267999999	2
chr1	268000000	268999999	3
chr1	269000000	269999999	2
chr1	270000000	270999999	0
chr1	271000000	271999999	1
chr1	272000000	272999999	0
chr1	273000000	273999999	2
chr1	274000000	274999999	2
chr1	275000000	275999999	2
chr1	276000000	276999999	2
chr1	277000000	277999999	3
chr1	278000000	278999999	0
chr1	279000000	279999999	1
chr1	280000000	280999999	3
chr1	281000000	281999999	1
chr1	282000000	282999999	3
chr1	283000000	283999999	2
chr1	284000000	284999999	6
chr1	285000000	285999999	4
chr1	286000000	286999999	0
chr1	287000000	287999999	1
chr1	288000000	288999999	1
chr1	289000000	289999999	1
chr1	290000000	290999999	2
chr1	291000000	291999999	0
chr1	292000000	292999999	4
chr1	293000000	293999999	4
chr1	294000000	294999999	2
chr1	295000000	295999999	2
chr1	296000000	296999999	3
chr1	297000000	297999999	0
chr1	298000000	298999999	1
chr1	299000000	299999999	1
chr1	300000000	300999999	4
chr1	301000000	301999999	4
chr1	302000000	302999999	2
chr1	303000000	303999999	2
chr1	304000000	304999999	3
chr1	305000000	305999999	4
chr1	306000000	306999999	0
chr1	307000000	307041717	0
chr2	1000000	1999999	2
chr2	2000000	2999999	8
chr2	3000000	3999999	2
chr2	4000000	4999999	0
chr2	5000000	5999999	2
chr2	6000000	6999999	5
chr2	7000000	7999999	2
chr2	8000000	8999999	0
chr2	9000000	9999999	3
chr2	10000000	10999999	1
chr2	11000000	11999999	3
chr2	12000000	12999999	3
chr2	13000000	13999999	2
chr2	14000000	14999999	6
chr2	15000000	15999999	1
chr2	16000000	16999999	1
chr2	17000000	17999999	3
chr2	18000000	18999999	4
chr2	19000000	19999999	3
chr2	20000000	20999999	2
chr2	21000000	21999999	2
chr2	22000000	22999999	4
chr2	23000000	23999999	6
chr2	24000000	24999999	0
chr2	25000000	25999999	3
chr2	26000000	26999999	3
chr2	27000000	27999999	0
chr2	28000000	28999999	4
chr2	29000000	29999999	6
chr2	30000000	30999999	2
chr2	31000000	31999999	2
chr2	32000000	32999999	3
chr2	33000000	33999999	1
chr2	34000000	34999999	4
chr2	35000000	35999999	3
chr2	36000000	36999999	3
chr2	37000000	37999999	1
chr2	38000000	38999999	2
chr2	39000000	39999999	2
chr2	40000000	40999999	0
chr2	41000000	41999999	1
chr2	42000000	42999999	2
chr2	43000000	43999999	1
chr2	44000000	44999999	3
chr2	45000000	45999999	1
chr2	46000000	46999999	1
chr2	47000000	47999999	2
chr2	48000000	48999999	0
chr2	49000000	49999999	3
chr2	50000000	50999999	0
chr2	51000000	51999999	1
chr2	52000000	52999999	1
chr2	53000000	53999999	1
chr2	54000000	54999999	1
chr2	55000000	55999999	1
chr2	56000000	56999999	0
chr2	57000000	57999999	0
chr2	58000000	58999999	0
chr2	59000000	59999999	0
chr2	60000000	60999999	1
chr2	61000000	61999999	0
chr2	62000000	62999999	3
chr2	63000000	63999999	0
chr2	64000000	64999999	1
chr2	65000000	65999999	0
chr2	66000000	66999999	1
chr2	67000000	67999999	1
chr2	68000000	68999999	1
chr2	69000000	69999999	0
chr2	70000000	70999999	0
chr2	71000000	71999999	0
chr2	72000000	72999999	0
chr2	73000000	73999999	0
chr2	74000000	74999999	1
chr2	75000000	75999999	2
chr2	76000000	76999999	0
chr2	77000000	77999999	3
chr2	78000000	78999999	1
chr2	79000000	79999999	0
chr2	80000000	80999999	0
chr2	81000000	81999999	2
chr2	82000000	82999999	1
chr2	83000000	83999999	0
chr2	84000000	84999999	0
chr2	85000000	85999999	1
chr2	86000000	86999999	0
chr2	87000000	87999999	0
chr2	88000000	88999999	0
chr2	89000000	89999999	0
chr2	90000000	90999999	0
chr2	91000000	91999999	0
chr2	92000000	92999999	0
chr2	93000000	93999999	1
chr2	94000000	94999999	0
chr2	95000000	95999999	0
chr2	96000000	96999999	1
chr2	97000000	97999999	1
chr2	98000000	98999999	0
chr2	99000000	99999999	0
chr2	100000000	100999999	0
chr2	101000000	101999999	0
chr2	102000000	102999999	2
chr2	103000000	103999999	0
chr2	104000000	104999999	0
chr2	105000000	105999999	3
chr2	106000000	106999999	1
chr2	107000000	107999999	0
chr2	108000000	108999999	0
chr2	109000000	109999999	1
chr2	110000000	110999999	0
chr2	111000000	111999999	0
chr2	112000000	112999999	0
chr2	113000000	113999999	1
chr2	114000000	114999999	1
chr2	115000000	115999999	3
chr2	116000000	116999999	0
chr2	117000000	117999999	0
chr2	118000000	118999999	0
chr2	119000000	119999999	0
chr2	120000000	120999999	0
chr2	121000000	121999999	1
chr2	122000000	122999999	0
chr2	123000000	123999999	0
chr2	124000000	124999999	0
chr2	125000000	125999999	0
chr2	126000000	126999999	0
chr2	127000000	127999999	0
chr2	128000000	128999999	0
chr2	129000000	129999999	0
chr2	130000000	130999999	0
chr2	131000000	131999999	0
chr2	132000000	132999999	1
chr2	133000000	133999999	1
chr2	134000000	134999999	0
chr2	135000000	135999999	0
chr2	136000000	136999999	0
chr2	137000000	137999999	0
chr2	138000000	138999999	0
chr2	139000000	139999999	2
chr2	140000000	140999999	1
chr2	141000000	141999999	1
chr2	142000000	142999999	0
chr2	143000000	143999999	0
chr2	144000000	144999999	0
chr2	145000000	145999999	0
chr2	146000000	146999999	0
chr2	147000000	147999999	2
chr2	148000000	148999999	1
chr2	149000000	149999999	2
chr2	150000000	150999999	1
chr2	151000000	151999999	1
chr2	152000000	152999999	0
chr2	153000000	153999999	4
chr2	154000000	154999999	0
chr2	155000000	155999999	1
chr2	156000000	156999999	1
chr2	157000000	157999999	0
chr2	158000000	158999999	0
chr2	159000000	159999999	2
chr2	160000000	160999999	0
chr2	161000000	161999999	0
chr2	162000000	162999999	2
chr2	163000000	163999999	1
chr2	164000000	164999999	0
chr2	165000000	165999999	0
chr2	166000000	166999999	5
chr2	167000000	167999999	2
chr2	168000000	168999999	0
chr2	169000000	169999999	2
chr2	170000000	170999999	2
chr2	171000000	171999999	1
chr2	172000000	172999999	0
chr2	173000000	173999999	2
chr2	174000000	174999999	2
chr2	175000000	175999999	0
chr2	176000000	176999999	1
chr2	177000000	177999999	1
chr2	178000000	178999999	2
chr2	179000000	179999999	0
chr2	180000000	180999999	1
chr2	181000000	181999999	1
chr2	182000000	182999999	1
chr2	183000000	183999999	2
chr2	184000000	184999999	1
chr2	185000000	185999999	0
chr2	186000000	186999999	0
chr2	187000000	187999999	0
chr2	188000000	188999999	1
chr2	189000000	189999999	0
chr2	190000000	190999999	1
chr2	191000000	191999999	1
chr2	192000000	192999999	2
chr2	193000000	193999999	2
chr2	194000000	194999999	7
chr2	195000000	195999999	1
chr2	196000000	196999999	3
chr2	197000000	197999999	2
chr2	198000000	198999999	4
chr2	199000000	199999999	0
chr2	200000000	200999999	1
chr2	201000000	201999999	5
chr2	202000000	202999999	3
chr2	203000000	203999999	1
chr2	204000000	204999999	2
chr2	205000000	205999999	1
chr2	206000000	206999999	1
chr2	207000000	207999999	0
chr2	208000000	208999999	0
chr2	209000000	209999999	2
chr2	210000000	210999999	1
chr2	211000000	211999999	3
chr2	212000000	212999999	3
chr2	213000000	213999999	2
chr2	214000000	214999999	2
chr2	215000000	215999999	0
chr2	216000000	216999999	6
chr2	217000000	217999999	2
chr2	218000000	218999999	2
chr2	219000000	219999999	0
chr2	220000000	220999999	5
chr2	221000000	221999999	0
chr2	222000000	222999999	2
chr2	223000000	223999999	0
chr2	224000000	224999999	2
chr2	225000000	225999999	1
chr2	226000000	226999999	3
chr2	227000000	227999999	1
chr2	228000000	228999999	1
chr2	229000000	229999999	7
chr2	230000000	230999999	5
chr2	231000000	231999999	4
chr2	232000000	232999999	0
chr2	233000000	233999999	1
chr2	234000000	234999999	1
chr2	235000000	235999999	1
chr2	236000000	236999999	0
chr2	237000000	237999999	3
chr2	238000000	238999999	4
chr2	239000000	239999999	5
chr2	240000000	240999999	3
chr2	241000000	241999999	5
chr2	242000000	242999999	3
chr2	243000000	243999999	0
chr2	244000000	244442276	5
chr3	0	999999	5
chr3	1000000	1999999	6
chr3	2000000	2999999	4
chr3	3000000	3999999	3
chr3	4000000	4999999	4
chr3	5000000	5999999	0
chr3	6000000	6999999	2
chr3	7000000	7999999	3
chr3	8000000	8999999	0
chr3	9000000	9999999	1
chr3	10000000	10999999	3
chr3	11000000	11999999	4
chr3	12000000	12999999	0
chr3	13000000	13999999	4
chr3	14000000	14999999	2
chr3	15000000	15999999	1
chr3	16000000	16999999	0
chr3	17000000	17999999	3
chr3	18000000	18999999	5
chr3	19000000	19999999	1
chr3	20000000	20999999	3
chr3	21000000	21999999	1
chr3	22000000	22999999	0
chr3	23000000	23999999	0
chr3	24000000	24999999	0
chr3	25000000	25999999	5
chr3	26000000	26999999	1
chr3	27000000	27999999	3
chr3	28000000	28999999	3
chr3	29000000	29999999	0
chr3	30000000	30999999	2
chr3	31000000	31999999	1
chr3	32000000	32999999	2
chr3	33000000	33999999	0
chr3	34000000	34999999	0
chr3	35000000	35999999	1
chr3	36000000	36999999	2
chr3	37000000	37999999	1
chr3	38000000	38999999	0
chr3	39000000	39999999	1
chr3	40000000	40999999	0
chr3	41000000	41999999	0
chr3	42000000	42999999	0
chr3	43000000	43999999	0
chr3	44000000	44999999	1
chr3	45000000	45999999	1
chr3	46000000	46999999	0
chr3	47000000	47999999	2
chr3	48000000	48999999	4
chr3	49000000	49999999	1
chr3	50000000	50999999	1
chr3	51000000	51999999	1
chr3	52000000	52999999	0
chr3	53000000	53999999	4
chr3	54000000	54999999	0
chr3	55000000	55999999	0
chr3	56000000	56999999	3
chr3	57000000	57999999	3
chr3	58000000	58999999	1
chr3	59000000	59999999	2
chr3	60000000	60999999	3
chr3	61000000	61999999	1
chr3	62000000	62999999	0
chr3	63000000	63999999	0
chr3	64000000	64999999	1
chr3	65000000	65999999	1
chr3	66000000	66999999	3
chr3	67000000	67999999	0
chr3	68000000	68999999	2
chr3	69000000	69999999	0
chr3	70000000	70999999	0
chr3	71000000	71999999	0
chr3	72000000	72999999	0
chr3	73000000	73999999	0
chr3	74000000	74999999	2
chr3	75000000	75999999	0
chr3	76000000	76999999	0
chr3	77000000	77999999	0
chr3	78000000	78999999	0
chr3	79000000	79999999	0
chr3	80000000	80999999	0
chr3	81000000	81999999	0
chr3	82000000	82999999	0
chr3	83000000	83999999	0
chr3	84000000	84999999	0
chr3	85000000	85999999	0
chr3	86000000	86999999	0
chr3	87000000	87999999	0
chr3	88000000	88999999	0
chr3	89000000	89999999	0
chr3	90000000	90999999	0
chr3	91000000	91999999	0
chr3	92000000	92999999	2
chr3	93000000	93999999	0
chr3	94000000	94999999	1
chr3	95000000	95999999	1
chr3	96000000	96999999	1
chr3	97000000	97999999	2
chr3	98000000	98999999	0
chr3	99000000	99999999	1
chr3	100000000	100999999	1
chr3	101000000	101999999	0
chr3	102000000	102999999	0
chr3	103000000	103999999	1
chr3	104000000	104999999	0
chr3	105000000	105999999	0
chr3	106000000	106999999	1
chr3	107000000	107999999	1
chr3	108000000	108999999	1
chr3	109000000	109999999	0
chr3	110000000	110999999	0
chr3	111000000	111999999	2
chr3	112000000	112999999	0
chr3	113000000	113999999	1
chr3	114000000	114999999	2
chr3	115000000	115999999	0
chr3	116000000	116999999	2
chr3	117000000	117999999	0
chr3	118000000	118999999	0
chr3	119000000	119999999	0
chr3	120000000	120999999	1
chr3	121000000	121999999	1
chr3	122000000	122999999	1
chr3	123000000	123999999	0
chr3	124000000	124999999	1
chr3	125000000	125999999	0
chr3	126000000	126999999	2
chr3	127000000	127999999	1
chr3	128000000	128999999	1
chr3	129000000	129999999	0
chr3	130000000	130999999	0
chr3	131000000	131999999	2
chr3	132000000	132999999	0
chr3	133000000	133999999	1
chr3	134000000	134999999	1
chr3	135000000	135999999	1
chr3	136000000	136999999	1
chr3	137000000	137999999	3
chr3	138000000	138999999	0
chr3	139000000	139999999	2
chr3	140000000	140999999	3
chr3	141000000	141999999	2
chr3	142000000	142999999	0
chr3	143000000	143999999	0
chr3	144000000	144999999	0
chr3	145000000	145999999	0
chr3	146000000	146999999	1
chr3	147000000	147999999	0
chr3	148000000	148999999	1
chr3	149000000	149999999	0
chr3	150000000	150999999	0
chr3	151000000	151999999	0
chr3	152000000	152999999	0
chr3	153000000	153999999	0
chr3	154000000	154999999	0
chr3	155000000	155999999	0
chr3	156000000	156999999	0
chr3	157000000	157999999	1
chr3	158000000	158999999	1
chr3	159000000	159999999	2
chr3	160000000	160999999	0
chr3	161000000	161999999	0
chr3	162000000	162999999	1
chr3	163000000	163999999	5
chr3	164000000	164999999	0
chr3	165000000	165999999	0
chr3	166000000	166999999	2
chr3	167000000	167999999	1
chr3	168000000	168999999	2
chr3	169000000	169999999	0
chr3	170000000	170999999	1
chr3	171000000	171999999	7
chr3	172000000	172999999	2
chr3	173000000	173999999	1
chr3	174000000	174999999	0
chr3	175000000	175999999	1
chr3	176000000	176999999	0
chr3	177000000	177999999	2
chr3	178000000	178999999	3
chr3	179000000	179999999	0
chr3	180000000	180999999	0
chr3	181000000	181999999	0
chr3	182000000	182999999	3
chr3	183000000	183999999	1
chr3	184000000	184999999	4
chr3	185000000	185999999	0
chr3	186000000	186999999	3
chr3	187000000	187999999	1
chr3	188000000	188999999	3
chr3	189000000	189999999	2
chr3	190000000	190999999	0
chr3	191000000	191999999	1
chr3	192000000	192999999	2
chr3	193000000	193999999	0
chr3	194000000	194999999	1
chr3	195000000	195999999	0
chr3	196000000	196999999	0
chr3	197000000	197999999	0
chr3	198000000	198999999	3
chr3	199000000	199999999	2
chr3	200000000	200999999	0
chr3	201000000	201999999	0
chr3	202000000	202999999	1
chr3	203000000	203999999	2
chr3	204000000	204999999	3
chr3	205000000	205999999	2
chr3	206000000	206999999	1
chr3	207000000	207999999	2
chr3	208000000	208999999	4
chr3	209000000	209999999	1
chr3	210000000	210999999	0
chr3	211000000	211999999	3
chr3	212000000	212999999	4
chr3	213000000	213999999	0
chr3	214000000	214999999	2
chr3	215000000	215999999	1
chr3	216000000	216999999	0
chr3	217000000	217999999	1
chr3	218000000	218999999	2
chr3	219000000	219999999	2
chr3	220000000	220999999	0
chr3	221000000	221999999	1
chr3	222000000	222999999	1
chr3	223000000	223999999	3
chr3	224000000	224999999	0
chr3	225000000	225999999	1
chr3	226000000	226999999	1
chr3	227000000	227999999	1
chr3	228000000	228999999	1
chr3	229000000	229999999	1
chr3	230000000	230999999	6
chr3	231000000	231999999	0
chr3	232000000	232999999	3
chr3	233000000	233999999	4
chr3	234000000	234999999	2
chr3	235000000	235667834	0
chr4	0	999999	0
chr4	1000000	1999999	0
chr4	2000000	2999999	3
chr4	3000000	3999999	0
chr4	4000000	4999999	0
chr4	5000000	5999999	4
chr4	6000000	6999999	3
chr4	7000000	7999999	1
chr4	8000000	8999999	0
chr4	9000000	9999999	0
chr4	10000000	10999999	7
chr4	11000000	11999999	6
chr4	12000000	12999999	0
chr4	13000000	13999999	1
chr4	14000000	14999999	1
chr4	15000000	15999999	0
chr4	16000000	16999999	0
chr4	17000000	17999999	2
chr4	18000000	18999999	4
chr4	19000000	19999999	4
chr4	20000000	20999999	0
chr4	21000000	21999999	0
chr4	22000000	22999999	2
chr4	23000000	23999999	0
chr4	24000000	24999999	1
chr4	25000000	25999999	3
chr4	26000000	26999999	3
chr4	27000000	27999999	2
chr4	28000000	28999999	0
chr4	29000000	29999999	2
chr4	30000000	30999999	2
chr4	31000000	31999999	1
chr4	32000000	32999999	3
chr4	33000000	33999999	0
chr4	34000000	34999999	0
chr4	35000000	35999999	0
chr4	36000000	36999999	2
chr4	37000000	37999999	0
chr4	38000000	38999999	2
chr4	39000000	39999999	2
chr4	40000000	40999999	0
chr4	41000000	41999999	3
chr4	42000000	42999999	2
chr4	43000000	43999999	0
chr4	44000000	44999999	0
chr4	45000000	45999999	1
chr4	46000000	46999999	0
chr4	47000000	47999999	0
chr4	48000000	48999999	0
chr4	49000000	49999999	1
chr4	50000000	50999999	2
chr4	51000000	51999999	4
chr4	52000000	52999999	0
chr4	53000000	53999999	3
chr4	54000000	54999999	5
chr4	55000000	55999999	0
chr4	56000000	56999999	0
chr4	57000000	57999999	0
chr4	58000000	58999999	1
chr4	59000000	59999999	0
chr4	60000000	60999999	0
chr4	61000000	61999999	0
chr4	62000000	62999999	1
chr4	63000000	63999999	0
chr4	64000000	64999999	0
chr4	65000000	65999999	1
chr4	66000000	66999999	2
chr4	67000000	67999999	0
chr4	68000000	68999999	0
chr4	69000000	69999999	2
chr4	70000000	70999999	2
chr4	71000000	71999999	0
chr4	72000000	72999999	2
chr4	73000000	73999999	4
chr4	74000000	74999999	1
chr4	75000000	75999999	0
chr4	76000000	76999999	2
chr4	77000000	77999999	0
chr4	78000000	78999999	1
chr4	79000000	79999999	0
chr4	80000000	80999999	1
chr4	81000000	81999999	1
chr4	82000000	82999999	1
chr4	83000000	83999999	2
chr4	84000000	84999999	0
chr4	85000000	85999999	2
chr4	86000000	86999999	0
chr4	87000000	87999999	0
chr4	88000000	88999999	1
chr4	89000000	89999999	2
chr4	90000000	90999999	0
chr4	91000000	91999999	0
chr4	92000000	92999999	1
chr4	93000000	93999999	3
chr4	94000000	94999999	0
chr4	95000000	95999999	1
chr4	96000000	96999999	0
chr4	97000000	97999999	0
chr4	98000000	98999999	0
chr4	99000000	99999999	0
chr4	100000000	100999999	0
chr4	101000000	101999999	3
chr4	102000000	102999999	1
chr4	103000000	103999999	0
chr4	104000000	104999999	0
chr4	105000000	105999999	0
chr4	106000000	106999999	1
chr4	107000000	107999999	0
chr4	108000000	108999999	0
chr4	109000000	109999999	0
chr4	110000000	110999999	0
chr4	111000000	111999999	0
chr4	112000000	112999999	0
chr4	113000000	113999999	0
chr4	114000000	114999999	0
chr4	115000000	115999999	1
chr4	116000000	116999999	0
chr4	117000000	117999999	0
chr4	118000000	118999999	0
chr4	119000000	119999999	0
chr4	120000000	120999999	0
chr4	121000000	121999999	0
chr4	122000000	122999999	0
chr4	123000000	123999999	1
chr4	124000000	124999999	0
chr4	125000000	125999999	1
chr4	126000000	126999999	0
chr4	127000000	127999999	0
chr4	128000000	128999999	1
chr4	129000000	129999999	0
chr4	130000000	130999999	0
chr4	131000000	131999999	1
chr4	132000000	132999999	0
chr4	133000000	133999999	1
chr4	134000000	134999999	1
chr4	135000000	135999999	0
chr4	136000000	136999999	0
chr4	137000000	137999999	0
chr4	138000000	138999999	2
chr4	139000000	139999999	3
chr4	140000000	140999999	1
chr4	141000000	141999999	0
chr4	142000000	142999999	0
chr4	143000000	143999999	1
chr4	144000000	144999999	0
chr4	145000000	145999999	0
chr4	146000000	146999999	0
chr4	147000000	147999999	0
chr4	148000000	148999999	0
chr4	149000000	149999999	1
chr4	150000000	150999999	1
chr4	151000000	151999999	0
chr4	152000000	152999999	0
chr4	153000000	153999999	1
chr4	154000000	154999999	2
chr4	155000000	155999999	0
chr4	156000000	156999999	1
chr4	157000000	157999999	2
chr4	158000000	158999999	2
chr4	159000000	159999999	1
chr4	160000000	160999999	3
chr4	161000000	161999999	4
chr4	162000000	162999999	1
chr4	163000000	163999999	0
chr4	164000000	164999999	4
chr4	165000000	165999999	3
chr4	166000000	166999999	0
chr4	167000000	167999999	0
chr4	168000000	168999999	1
chr4	169000000	169999999	2
chr4	170000000	170999999	0
chr4	171000000	171999999	1
chr4	172000000	172999999	1
chr4	173000000	173999999	1
chr4	174000000	174999999	1
chr4	175000000	175999999	3
chr4	176000000	176999999	0
chr4	177000000	177999999	2
chr4	178000000	178999999	2
chr4	179000000	179999999	2
chr4	180000000	180999999	0
chr4	181000000	181999999	2
chr4	182000000	182999999	4
chr4	183000000	183999999	5
chr4	184000000	184999999	6
chr4	185000000	185999999	0
chr4	186000000	186999999	2
chr4	187000000	187999999	2
chr4	188000000	188999999	5
chr4	189000000	189999999	1
chr4	190000000	190999999	0
chr4	191000000	191999999	1
chr4	192000000	192999999	1
chr4	193000000	193999999	6
chr4	194000000	194999999	2
chr4	195000000	195999999	0
chr4	196000000	196999999	0
chr4	197000000	197999999	1
chr4	198000000	198999999	1
chr4	199000000	199999999	1
chr4	200000000	200999999	0
chr4	201000000	201999999	1
chr4	202000000	202999999	2
chr4	203000000	203999999	3
chr4	204000000	204999999	1
chr4	205000000	205999999	1
chr4	206000000	206999999	2
chr4	207000000	207999999	0
chr4	208000000	208999999	2
chr4	209000000	209999999	2
chr4	210000000	210999999	1
chr4	211000000	211999999	0
chr4	212000000	212999999	2
chr4	213000000	213999999	0
chr4	214000000	214999999	1
chr4	215000000	215999999	1
chr4	216000000	216999999	1
chr4	217000000	217999999	3
chr4	218000000	218999999	0
chr4	219000000	219999999	0
chr4	220000000	220999999	1
chr4	221000000	221999999	1
chr4	222000000	222999999	1
chr4	223000000	223999999	2
chr4	224000000	224999999	1
chr4	225000000	225999999	0
chr4	226000000	226999999	2
chr4	227000000	227999999	1
chr4	228000000	228999999	1
chr4	229000000	229999999	0
chr4	230000000	230999999	0
chr4	231000000	231999999	1
chr4	232000000	232999999	0
chr4	233000000	233999999	1
chr4	234000000	234999999	2
chr4	235000000	235999999	0
chr4	236000000	236999999	1
chr4	237000000	237999999	3
chr4	238000000	238999999	2
chr4	239000000	239999999	4
chr4	240000000	240999999	1
chr4	241000000	241999999	5
chr4	242000000	242999999	1
chr4	243000000	243999999	5
chr4	244000000	244999999	3
chr4	245000000	245999999	2
chr4	246000000	246994605	1
chr5	0	999999	4
chr5	1000000	1999999	4
chr5	2000000	2999999	3
chr5	3000000	3999999	3
chr5	4000000	4999999	4
chr5	5000000	5999999	3
chr5	6000000	6999999	3
chr5	7000000	7999999	2
chr5	8000000	8999999	0
chr5	9000000	9999999	3
chr5	10000000	10999999	1
chr5	11000000	11999999	2
chr5	12000000	12999999	2
chr5	13000000	13999999	0
chr5	14000000	14999999	1
chr5	15000000	15999999	7
chr5	16000000	16999999	5
chr5	17000000	17999999	4
chr5	18000000	18999999	3
chr5	19000000	19999999	0
chr5	20000000	20999999	1
chr5	21000000	21999999	5
chr5	22000000	22999999	2
chr5	23000000	23999999	2
chr5	24000000	24999999	0
chr5	25000000	25999999	1
chr5	26000000	26999999	4
chr5	27000000	27999999	1
chr5	28000000	28999999	1
chr5	29000000	29999999	0
chr5	30000000	30999999	1
chr5	31000000	31999999	0
chr5	32000000	32999999	2
chr5	33000000	33999999	1
chr5	34000000	34999999	0
chr5	35000000	35999999	0
chr5	36000000	36999999	0
chr5	37000000	37999999	2
chr5	38000000	38999999	0
chr5	39000000	39999999	3
chr5	40000000	40999999	1
chr5	41000000	41999999	0
chr5	42000000	42999999	0
chr5	43000000	43999999	1
chr5	44000000	44999999	2
chr5	45000000	45999999	1
chr5	46000000	46999999	0
chr5	47000000	47999999	0
chr5	48000000	48999999	0
chr5	49000000	49999999	0
chr5	50000000	50999999	1
chr5	51000000	51999999	1
chr5	52000000	52999999	1
chr5	53000000	53999999	5
chr5	54000000	54999999	5
chr5	55000000	55999999	0
chr5	56000000	56999999	3
chr5	57000000	57999999	1
chr5	58000000	58999999	1
chr5	59000000	59999999	2
chr5	60000000	60999999	1
chr5	61000000	61999999	2
chr5	62000000	62999999	5
chr5	63000000	63999999	0
chr5	64000000	64999999	1
chr5	65000000	65999999	0
chr5	66000000	66999999	2
chr5	67000000	67999999	1
chr5	68000000	68999999	0
chr5	69000000	69999999	1
chr5	70000000	70999999	0
chr5	71000000	71999999	0
chr5	72000000	72999999	0
chr5	73000000	73999999	1
chr5	74000000	74999999	1
chr5	75000000	75999999	0
chr5	76000000	76999999	0
chr5	77000000	77999999	0
chr5	78000000	78999999	0
chr5	79000000	79999999	1
chr5	80000000	80999999	1
chr5	81000000	81999999	1
chr5	82000000	82999999	0
chr5	83000000	83999999	0
chr5	84000000	84999999	0
chr5	85000000	85999999	0
chr5	86000000	86999999	1
chr5	87000000	87999999	2
chr5	88000000	88999999	0
chr5	89000000	89999999	0
chr5	90000000	90999999	0
chr5	91000000	91999999	0
chr5	92000000	92999999	0
chr5	93000000	93999999	0
chr5	94000000	94999999	0
chr5	95000000	95999999	0
chr5	96000000	96999999	0
chr5	97000000	97999999	0
chr5	98000000	98999999	0
chr5	99000000	99999999	0
chr5	100000000	100999999	1
chr5	101000000	101999999	0
chr5	102000000	102999999	2
chr5	103000000	103999999	1
chr5	104000000	104999999	1
chr5	105000000	105999999	0
chr5	106000000	106999999	0
chr5	107000000	107999999	0
chr5	108000000	108999999	0
chr5	109000000	109999999	0
chr5	110000000	110999999	0
chr5	111000000	111999999	1
chr5	112000000	112999999	1
chr5	113000000	113999999	1
chr5	114000000	114999999	1
chr5	115000000	115999999	1
chr5	116000000	116999999	1
chr5	117000000	117999999	2
chr5	118000000	118999999	2
chr5	119000000	119999999	1
chr5	120000000	120999999	1
chr5	121000000	121999999	1
chr5	122000000	122999999	0
chr5	123000000	123999999	0
chr5	124000000	124999999	0
chr5	125000000	125999999	2
chr5	126000000	126999999	1
chr5	127000000	127999999	0
chr5	128000000	128999999	1
chr5	129000000	129999999	3
chr5	130000000	130999999	2
chr5	131000000	131999999	0
chr5	132000000	132999999	0
chr5	133000000	133999999	1
chr5	134000000	134999999	0
chr5	135000000	135999999	0
chr5	136000000	136999999	0
chr5	137000000	137999999	1
chr5	138000000	138999999	1
chr5	139000000	139999999	4
chr5	140000000	140999999	2
chr5	141000000	141999999	0
chr5	142000000	142999999	3
chr5	143000000	143999999	1
chr5	144000000	144999999	2
chr5	145000000	145999999	0
chr5	146000000	146999999	0
chr5	147000000	147999999	3
chr5	148000000	148999999	1
chr5	149000000	149999999	0
chr5	150000000	150999999	1
chr5	151000000	151999999	2
chr5	152000000	152999999	1
chr5	153000000	153999999	3
chr5	154000000	154999999	0
chr5	155000000	155999999	0
chr5	156000000	156999999	1
chr5	157000000	157999999	1
chr5	158000000	158999999	1
chr5	159000000	159999999	1
chr5	160000000	160999999	1
chr5	161000000	161999999	0
chr5	162000000	162999999	1
chr5	163000000	163999999	0
chr5	164000000	164999999	2
chr5	165000000	165999999	4
chr5	166000000	166999999	1
chr5	167000000	167999999	0
chr5	168000000	168999999	1
chr5	169000000	169999999	3
chr5	170000000	170999999	1
chr5	171000000	171999999	0
chr5	172000000	172999999	2
chr5	173000000	173999999	0
chr5	174000000	174999999	2
chr5	175000000	175999999	3
chr5	176000000	176999999	1
chr5	177000000	177999999	6
chr5	178000000	178999999	1
chr5	179000000	179999999	3
chr5	180000000	180999999	2
chr5	181000000	181999999	2
chr5	182000000	182999999	3
chr5	183000000	183999999	0
chr5	184000000	184999999	0
chr5	185000000	185999999	0
chr5	186000000	186999999	1
chr5	187000000	187999999	0
chr5	188000000	188999999	4
chr5	189000000	189999999	1
chr5	190000000	190999999	1
chr5	191000000	191999999	1
chr5	192000000	192999999	0
chr5	193000000	193999999	3
chr5	194000000	194999999	2
chr5	195000000	195999999	5
chr5	196000000	196999999	1
chr5	197000000	197999999	7
chr5	198000000	198999999	0
chr5	199000000	199999999	1
chr5	200000000	200999999	2
chr5	201000000	201999999	2
chr5	202000000	202999999	2
chr5	203000000	203999999	0
chr5	204000000	204999999	2
chr5	205000000	205999999	2
chr5	206000000	206999999	1
chr5	207000000	207999999	3
chr5	208000000	208999999	0
chr5	209000000	209999999	3
chr5	210000000	210999999	3
chr5	211000000	211999999	3
chr5	212000000	212999999	4
chr5	213000000	213999999	4
chr5	214000000	214999999	3
chr5	215000000	215999999	5
chr5	216000000	216999999	1
chr5	217000000	217999999	1
chr5	218000000	218999999	3
chr5	219000000	219999999	2
chr5	220000000	220999999	4
chr5	221000000	221999999	1
chr5	222000000	222999999	5
chr5	223000000	223902240	0
chr6	0	999999	4
chr6	1000000	1999999	2
chr6	2000000	2999999	2
chr6	3000000	3999999	5
chr6	4000000	4999999	0
chr6	5000000	5999999	1
chr6	6000000	6999999	8
chr6	7000000	7999999	1
chr6	8000000	8999999	2
chr6	9000000	9999999	0
chr6	10000000	10999999	0
chr6	11000000	11999999	0
chr6	12000000	12999999	0
chr6	13000000	13999999	0
chr6	14000000	14999999	0
chr6	15000000	15999999	2
chr6	16000000	16999999	2
chr6	17000000	17999999	0
chr6	18000000	18999999	0
chr6	19000000	19999999	2
chr6	20000000	20999999	6
chr6	21000000	21999999	0
chr6	22000000	22999999	0
chr6	23000000	23999999	0
chr6	24000000	24999999	0
chr6	25000000	25999999	1
chr6	26000000	26999999	0
chr6	27000000	27999999	2
chr6	28000000	28999999	0
chr6	29000000	29999999	2
chr6	30000000	30999999	2
chr6	31000000	31999999	0
chr6	32000000	32999999	4
chr6	33000000	33999999	1
chr6	34000000	34999999	0
chr6	35000000	35999999	0
chr6	36000000	36999999	0
chr6	37000000	37999999	1
chr6	38000000	38999999	0
chr6	39000000	39999999	0
chr6	40000000	40999999	0
chr6	41000000	41999999	3
chr6	42000000	42999999	0
chr6	43000000	43999999	1
chr6	44000000	44999999	1
chr6	45000000	45999999	0
chr6	46000000	46999999	3
chr6	47000000	47999999	2
chr6	48000000	48999999	0
chr6	49000000	49999999	2
chr6	50000000	50999999	2
chr6	51000000	51999999	1
chr6	52000000	52999999	3
chr6	53000000	53999999	1
chr6	54000000	54999999	3
chr6	55000000	55999999	0
chr6	56000000	56999999	2
chr6	57000000	57999999	0
chr6	58000000	58999999	0
chr6	59000000	59999999	0
chr6	60000000	60999999	1
chr6	61000000	61999999	0
chr6	62000000	62999999	0
chr6	63000000	63999999	0
chr6	64000000	64999999	0
chr6	65000000	65999999	3
chr6	66000000	66999999	0
chr6	67000000	67999999	0
chr6	68000000	68999999	1
chr6	69000000	69999999	0
chr6	70000000	70999999	0
chr6	71000000	71999999	1
chr6	72000000	72999999	0
chr6	73000000	73999999	2
chr6	74000000	74999999	1
chr6	75000000	75999999	0
chr6	76000000	76999999	1
chr6	77000000	77999999	2
chr6	78000000	78999999	0
chr6	79000000	79999999	2
chr6	80000000	80999999	0
chr6	81000000	81999999	1
chr6	82000000	82999999	0
chr6	83000000	83999999	0
chr6	84000000	84999999	0
chr6	85000000	85999999	1
chr6	86000000	86999999	2
chr6	87000000	87999999	3
chr6	88000000	88999999	0
chr6	89000000	89999999	0
chr6	90000000	90999999	1
chr6	91000000	91999999	0
chr6	92000000	92999999	0
chr6	93000000	93999999	2
chr6	94000000	94999999	0
chr6	95000000	95999999	2
chr6	96000000	96999999	0
chr6	97000000	97999999	0
chr6	98000000	98999999	1
chr6	99000000	99999999	3
chr6	100000000	100999999	1
chr6	101000000	101999999	0
chr6	102000000	102999999	5
chr6	103000000	103999999	0
chr6	104000000	104999999	1
chr6	105000000	105999999	4
chr6	106000000	106999999	3
chr6	107000000	107999999	0
chr6	108000000	108999999	2
chr6	109000000	109999999	1
chr6	110000000	110999999	0
chr6	111000000	111999999	0
chr6	112000000	112999999	1
chr6	113000000	113999999	0
chr6	114000000	114999999	2
chr6	115000000	115999999	1
chr6	116000000	116999999	4
chr6	117000000	117999999	0
chr6	118000000	118999999	2
chr6	119000000	119999999	2
chr6	120000000	120999999	3
chr6	121000000	121999999	3
chr6	122000000	122999999	2
chr6	123000000	123999999	6
chr6	124000000	124999999	2
chr6	125000000	125999999	0
chr6	126000000	126999999	2
chr6	127000000	127999999	1
chr6	128000000	128999999	0
chr6	129000000	129999999	0
chr6	130000000	130999999	5
chr6	131000000	131999999	1
chr6	132000000	132999999	0
chr6	133000000	133999999	1
chr6	134000000	134999999	1
chr6	135000000	135999999	1
chr6	136000000	136999999	1
chr6	137000000	137999999	0
chr6	138000000	138999999	0
chr6	139000000	139999999	0
chr6	140000000	140999999	3
chr6	141000000	141999999	4
chr6	142000000	142999999	4
chr6	143000000	143999999	2
chr6	144000000	144999999	3
chr6	145000000	145999999	1
chr6	146000000	146999999	0
chr6	147000000	147999999	3
chr6	148000000	148999999	1
chr6	149000000	149999999	1
chr6	150000000	150999999	1
chr6	151000000	151999999	1
chr6	152000000	152999999	4
chr6	153000000	153999999	1
chr6	154000000	154999999	2
chr6	155000000	155999999	1
chr6	156000000	156999999	2
chr6	157000000	157999999	1
chr6	158000000	158999999	0
chr6	159000000	159999999	0
chr6	160000000	160999999	4
chr6	161000000	161999999	2
chr6	162000000	162999999	2
chr6	163000000	163999999	3
chr6	164000000	164999999	3
chr6	165000000	165999999	0
chr6	166000000	166999999	2
chr6	167000000	167999999	2
chr6	168000000	168999999	5
chr6	169000000	169999999	3
chr6	170000000	170999999	5
chr6	171000000	171999999	3
chr6	172000000	172999999	1
chr6	173000000	173999999	0
chr6	174000000	174033170	0
chr7	0	999999	3
chr7	1000000	1999999	4
chr7	2000000	2999999	3
chr7	3000000	3999999	5
chr7	4000000	4999999	3
chr7	5000000	5999999	2
chr7	6000000	6999999	3
chr7	7000000	7999999	1
chr7	8000000	8999999	1
chr7	9000000	9999999	0
chr7	10000000	10999999	0
chr7	11000000	11999999	1
chr7	12000000	12999999	1
chr7	13000000	13999999	3
chr7	14000000	14999999	1
chr7	15000000	15999999	0
chr7	16000000	16999999	0
chr7	17000000	17999999	1
chr7	18000000	18999999	3
chr7	19000000	19999999	5
chr7	20000000	20999999	2
chr7	21000000	21999999	2
chr7	22000000	22999999	2
chr7	23000000	23999999	1
chr7	24000000	24999999	3
chr7	25000000	25999999	0
chr7	26000000	26999999	1
chr7	27000000	27999999	0
chr7	28000000	28999999	0
chr7	29000000	29999999	1
chr7	30000000	30999999	0
chr7	31000000	31999999	0
chr7	32000000	32999999	2
chr7	33000000	33999999	1
chr7	34000000	34999999	0
chr7	35000000	35999999	1
chr7	36000000	36999999	1
chr7	37000000	37999999	5
chr7	38000000	38999999	2
chr7	39000000	39999999	0
chr7	40000000	40999999	2
chr7	41000000	41999999	1
chr7	42000000	42999999	0
chr7	43000000	43999999	1
chr7	44000000	44999999	1
chr7	45000000	45999999	3
chr7	46000000	46999999	0
chr7	47000000	47999999	1
chr7	48000000	48999999	0
chr7	49000000	49999999	2
chr7	50000000	50999999	0
chr7	51000000	51999999	2
chr7	52000000	52999999	1
chr7	53000000	53999999	0
chr7	54000000	54999999	0
chr7	55000000	55999999	1
chr7	56000000	56999999	1
chr7	57000000	57999999	1
chr7	58000000	58999999	1
chr7	59000000	59999999	0
chr7	60000000	60999999	0
chr7	61000000	61999999	0
chr7	62000000	62999999	0
chr7	63000000	63999999	0
chr7	64000000	64999999	0
chr7	65000000	65999999	1
chr7	66000000	66999999	1
chr7	67000000	67999999	1
chr7	68000000	68999999	0
chr7	69000000	69999999	0
chr7	70000000	70999999	0
chr7	71000000	71999999	0
chr7	72000000	72999999	0
chr7	73000000	73999999	1
chr7	74000000	74999999	1
chr7	75000000	75999999	0
chr7	76000000	76999999	0
chr7	77000000	77999999	0
chr7	78000000	78999999	1
chr7	79000000	79999999	3
chr7	80000000	80999999	0
chr7	81000000	81999999	0
chr7	82000000	82999999	0
chr7	83000000	83999999	0
chr7	84000000	84999999	0
chr7	85000000	85999999	2
chr7	86000000	86999999	1
chr7	87000000	87999999	2
chr7	88000000	88999999	0
chr7	89000000	89999999	1
chr7	90000000	90999999	0
chr7	91000000	91999999	4
chr7	92000000	92999999	1
chr7	93000000	93999999	1
chr7	94000000	94999999	1
chr7	95000000	95999999	2
chr7	96000000	96999999	0
chr7	97000000	97999999	1
chr7	98000000	98999999	1
chr7	99000000	99999999	0
chr7	100000000	100999999	0
chr7	101000000	101999999	3
chr7	102000000	102999999	0
chr7	103000000	103999999	0
chr7	104000000	104999999	0
chr7	105000000	105999999	0
chr7	106000000	106999999	0
chr7	107000000	107999999	1
chr7	108000000	108999999	0
chr7	109000000	109999999	0
chr7	110000000	110999999	0
chr7	111000000	111999999	0
chr7	112000000	112999999	0
chr7	113000000	113999999	0
chr7	114000000	114999999	2
chr7	115000000	115999999	2
chr7	116000000	116999999	1
chr7	117000000	117999999	3
chr7	118000000	118999999	4
chr7	119000000	119999999	1
chr7	120000000	120999999	3
chr7	121000000	121999999	3
chr7	122000000	122999999	1
chr7	123000000	123999999	2
chr7	124000000	124999999	4
chr7	125000000	125999999	0
chr7	126000000	126999999	0
chr7	127000000	127999999	0
chr7	128000000	128999999	1
chr7	129000000	129999999	1
chr7	130000000	130999999	3
chr7	131000000	131999999	2
chr7	132000000	132999999	4
chr7	133000000	133999999	0
chr7	134000000	134999999	2
chr7	135000000	135999999	2
chr7	136000000	136999999	3
chr7	137000000	137999999	3
chr7	138000000	138999999	0
chr7	139000000	139999999	0
chr7	140000000	140999999	2
chr7	141000000	141999999	2
chr7	142000000	142999999	0
chr7	143000000	143999999	1
chr7	144000000	144999999	4
chr7	145000000	145999999	2
chr7	146000000	146999999	3
chr7	147000000	147999999	4
chr7	148000000	148999999	0
chr7	149000000	149999999	1
chr7	150000000	150999999	1
chr7	151000000	151999999	1
chr7	152000000	152999999	0
chr7	153000000	153999999	5
chr7	154000000	154999999	1
chr7	155000000	155999999	0
chr7	156000000	156999999	1
chr7	157000000	157999999	1
chr7	158000000	158999999	0
chr7	159000000	159999999	1
chr7	160000000	160999999	1
chr7	161000000	161999999	4
chr7	162000000	162999999	0
chr7	163000000	163999999	2
chr7	164000000	164999999	1
chr7	165000000	165999999	0
chr7	166000000	166999999	1
chr7	167000000	167999999	2
chr7	168000000	168999999	1
chr7	169000000	169999999	1
chr7	170000000	170999999	1
chr7	171000000	171999999	2
chr7	172000000	172999999	3
chr7	173000000	173999999	3
chr7	174000000	174999999	1
chr7	175000000	175999999	2
chr7	176000000	176999999	5
chr7	177000000	177999999	3
chr7	178000000	178999999	1
chr7	179000000	179999999	1
chr7	180000000	180999999	4
chr7	181000000	182381542	0
chr8	0	999999	4
chr8	1000000	1999999	4
chr8	2000000	2999999	2
chr8	3000000	3999999	4
chr8	4000000	4999999	2
chr8	5000000	5999999	1
chr8	6000000	6999999	5
chr8	7000000	7999999	3
chr8	8000000	8999999	2
chr8	9000000	9999999	0
chr8	10000000	10999999	0
chr8	11000000	11999999	3
chr8	12000000	12999999	0
chr8	13000000	13999999	3
chr8	14000000	14999999	1
chr8	15000000	15999999	1
chr8	16000000	16999999	2
chr8	17000000	17999999	1
chr8	18000000	18999999	2
chr8	19000000	19999999	0
chr8	20000000	20999999	4
chr8	21000000	21999999	1
chr8	22000000	22999999	2
chr8	23000000	23999999	1
chr8	24000000	24999999	0
chr8	25000000	25999999	1
chr8	26000000	26999999	2
chr8	27000000	27999999	0
chr8	28000000	28999999	0
chr8	29000000	29999999	0
chr8	30000000	30999999	1
chr8	31000000	31999999	0
chr8	32000000	32999999	0
chr8	33000000	33999999	1
chr8	34000000	34999999	0
chr8	35000000	35999999	0
chr8	36000000	36999999	0
chr8	37000000	37999999	1
chr8	38000000	38999999	0
chr8	39000000	39999999	0
chr8	40000000	40999999	0
chr8	41000000	41999999	2
chr8	42000000	42999999	2
chr8	43000000	43999999	0
chr8	44000000	44999999	1
chr8	45000000	45999999	1
chr8	46000000	46999999	0
chr8	47000000	47999999	0
chr8	48000000	48999999	2
chr8	49000000	49999999	0
chr8	50000000	50999999	0
chr8	51000000	51999999	0
chr8	52000000	52999999	0
chr8	53000000	53999999	1
chr8	54000000	54999999	0
chr8	55000000	55999999	2
chr8	56000000	56999999	0
chr8	57000000	57999999	3
chr8	58000000	58999999	0
chr8	59000000	59999999	0
chr8	60000000	60999999	0
chr8	61000000	61999999	1
chr8	62000000	62999999	0
chr8	63000000	63999999	0
chr8	64000000	64999999	0
chr8	65000000	65999999	2
chr8	66000000	66999999	0
chr8	67000000	67999999	0
chr8	68000000	68999999	1
chr8	69000000	69999999	0
chr8	70000000	70999999	2
chr8	71000000	71999999	1
chr8	72000000	72999999	2
chr8	73000000	73999999	1
chr8	74000000	74999999	1
chr8	75000000	75999999	1
chr8	76000000	76999999	0
chr8	77000000	77999999	1
chr8	78000000	78999999	2
chr8	79000000	79999999	1
chr8	80000000	80999999	0
chr8	81000000	81999999	1
chr8	82000000	82999999	1
chr8	83000000	83999999	1
chr8	84000000	84999999	8
chr8	85000000	85999999	0
chr8	86000000	86999999	0
chr8	87000000	87999999	0
chr8	88000000	88999999	1
chr8	89000000	89999999	1
chr8	90000000	90999999	2
chr8	91000000	91999999	1
chr8	92000000	92999999	0
chr8	93000000	93999999	1
chr8	94000000	94999999	2
chr8	95000000	95999999	1
chr8	96000000	96999999	1
chr8	97000000	97999999	2
chr8	98000000	98999999	3
chr8	99000000	99999999	2
chr8	100000000	100999999	1
chr8	101000000	101999999	2
chr8	102000000	102999999	0
chr8	103000000	103999999	0
chr8	104000000	104999999	3
chr8	105000000	105999999	1
chr8	106000000	106999999	1
chr8	107000000	107999999	1
chr8	108000000	108999999	2
chr8	109000000	109999999	0
chr8	110000000	110999999	2
chr8	111000000	111999999	0
chr8	112000000	112999999	1
chr8	113000000	113999999	0
chr8	114000000	114999999	0
chr8	115000000	115999999	1
chr8	116000000	116999999	2
chr8	117000000	117999999	0
chr8	118000000	118999999	0
chr8	119000000	119999999	2
chr8	120000000	120999999	4
chr8	121000000	121999999	1
chr8	122000000	122999999	2
chr8	123000000	123999999	2
chr8	124000000	124999999	0
chr8	125000000	125999999	0
chr8	126000000	126999999	1
chr8	127000000	127999999	0
chr8	128000000	128999999	1
chr8	129000000	129999999	5
chr8	130000000	130999999	7
chr8	131000000	131999999	1
chr8	132000000	132999999	0
chr8	133000000	133999999	1
chr8	134000000	134999999	0
chr8	135000000	135999999	2
chr8	136000000	136999999	0
chr8	137000000	137999999	0
chr8	138000000	138999999	1
chr8	139000000	139999999	1
chr8	140000000	140999999	1
chr8	141000000	141999999	1
chr8	142000000	142999999	0
chr8	143000000	143999999	0
chr8	144000000	144999999	1
chr8	145000000	145999999	3
chr8	146000000	146999999	5
chr8	147000000	147999999	3
chr8	148000000	148999999	0
chr8	149000000	149999999	2
chr8	150000000	150999999	1
chr8	151000000	151999999	3
chr8	152000000	152999999	1
chr8	153000000	153999999	0
chr8	154000000	154999999	1
chr8	155000000	155999999	1
chr8	156000000	156999999	4
chr8	157000000	157999999	1
chr8	158000000	158999999	1
chr8	159000000	159999999	0
chr8	160000000	160999999	1
chr8	161000000	161999999	1
chr8	162000000	162999999	0
chr8	163000000	163999999	1
chr8	164000000	164999999	2
chr8	165000000	165999999	0
chr8	166000000	166999999	2
chr8	167000000	167999999	3
chr8	168000000	168999999	4
chr8	169000000	169999999	4
chr8	170000000	170999999	1
chr8	171000000	171999999	3
chr8	172000000	172999999	2
chr8	173000000	173999999	1
chr8	174000000	174999999	5
chr8	175000000	175999999	2
chr8	176000000	176999999	3
chr8	177000000	177999999	3
chr8	178000000	178999999	2
chr8	179000000	179999999	2
chr8	180000000	180999999	1
chr8	181000000	181122637	0
chr9	0	999999	1
chr9	1000000	1999999	0
chr9	2000000	2999999	3
chr9	3000000	3999999	4
chr9	4000000	4999999	3
chr9	5000000	5999999	3
chr9	6000000	6999999	2
chr9	7000000	7999999	3
chr9	8000000	8999999	5
chr9	9000000	9999999	3
chr9	10000000	10999999	5
chr9	11000000	11999999	1
chr9	12000000	12999999	0
chr9	13000000	13999999	4
chr9	14000000	14999999	0
chr9	15000000	15999999	0
chr9	16000000	16999999	1
chr9	17000000	17999999	0
chr9	18000000	18999999	2
chr9	19000000	19999999	2
chr9	20000000	20999999	2
chr9	21000000	21999999	1
chr9	22000000	22999999	1
chr9	23000000	23999999	3
chr9	24000000	24999999	3
chr9	25000000	25999999	2
chr9	26000000	26999999	1
chr9	27000000	27999999	1
chr9	28000000	28999999	0
chr9	29000000	29999999	0
chr9	30000000	30999999	2
chr9	31000000	31999999	1
chr9	32000000	32999999	3
chr9	33000000	33999999	0
chr9	34000000	34999999	0
chr9	35000000	35999999	0
chr9	36000000	36999999	1
chr9	37000000	37999999	0
chr9	38000000	38999999	0
chr9	39000000	39999999	0
chr9	40000000	40999999	0
chr9	41000000	41999999	2
chr9	42000000	42999999	1
chr9	43000000	43999999	2
chr9	44000000	44999999	0
chr9	45000000	45999999	0
chr9	46000000	46999999	0
chr9	47000000	47999999	2
chr9	48000000	48999999	0
chr9	49000000	49999999	0
chr9	50000000	50999999	1
chr9	51000000	51999999	1
chr9	52000000	52999999	0
chr9	53000000	53999999	0
chr9	54000000	54999999	0
chr9	55000000	55999999	0
chr9	56000000	56999999	1
chr9	57000000	57999999	1
chr9	58000000	58999999	0
chr9	59000000	59999999	0
chr9	60000000	60999999	1
chr9	61000000	61999999	1
chr9	62000000	62999999	0
chr9	63000000	63999999	0
chr9	64000000	64999999	0
chr9	65000000	65999999	4
chr9	66000000	66999999	0
chr9	67000000	67999999	1
chr9	68000000	68999999	2
chr9	69000000	69999999	1
chr9	70000000	70999999	0
chr9	71000000	71999999	0
chr9	72000000	72999999	3
chr9	73000000	73999999	2
chr9	74000000	74999999	1
chr9	75000000	75999999	0
chr9	76000000	76999999	1
chr9	77000000	77999999	3
chr9	78000000	78999999	3
chr9	79000000	79999999	2
chr9	80000000	80999999	2
chr9	81000000	81999999	0
chr9	82000000	82999999	0
chr9	83000000	83999999	2
chr9	84000000	84999999	0
chr9	85000000	85999999	1
chr9	86000000	86999999	2
chr9	87000000	87999999	1
chr9	88000000	88999999	2
chr9	89000000	89999999	0
chr9	90000000	90999999	0
chr9	91000000	91999999	1
chr9	92000000	92999999	1
chr9	93000000	93999999	1
chr9	94000000	94999999	2
chr9	95000000	95999999	0
chr9	96000000	96999999	1
chr9	97000000	97999999	0
chr9	98000000	98999999	0
chr9	99000000	99999999	0
chr9	100000000	100999999	0
chr9	101000000	101999999	0
chr9	102000000	102999999	3
chr9	103000000	103999999	3
chr9	104000000	104999999	0
chr9	105000000	105999999	0
chr9	106000000	106999999	0
chr9	107000000	107999999	0
chr9	108000000	108999999	0
chr9	109000000	109999999	0
chr9	110000000	110999999	1
chr9	111000000	111999999	1
chr9	112000000	112999999	0
chr9	113000000	113999999	1
chr9	114000000	114999999	3
chr9	115000000	115999999	0
chr9	116000000	116999999	3
chr9	117000000	117999999	0
chr9	118000000	118999999	2
chr9	119000000	119999999	0
chr9	120000000	120999999	1
chr9	121000000	121999999	1
chr9	122000000	122999999	0
chr9	123000000	123999999	1
chr9	124000000	124999999	3
chr9	125000000	125999999	0
chr9	126000000	126999999	1
chr9	127000000	127999999	1
chr9	128000000	128999999	2
chr9	129000000	129999999	2
chr9	130000000	130999999	0
chr9	131000000	131999999	2
chr9	132000000	132999999	3
chr9	133000000	133999999	0
chr9	134000000	134999999	0
chr9	135000000	135999999	1
chr9	136000000	136999999	0
chr9	137000000	137999999	2
chr9	138000000	138999999	2
chr9	139000000	139999999	0
chr9	140000000	140999999	0
chr9	141000000	141999999	0
chr9	142000000	142999999	5
chr9	143000000	143999999	2
chr9	144000000	144999999	2
chr9	145000000	145999999	1
chr9	146000000	146999999	1
chr9	147000000	147999999	2
chr9	148000000	148999999	3
chr9	149000000	149999999	1
chr9	150000000	150999999	5
chr9	151000000	151999999	3
chr9	152000000	152999999	4
chr9	153000000	153999999	1
chr9	154000000	154999999	0
chr9	155000000	155999999	1
chr9	156000000	156999999	5
chr9	157000000	157999999	5
chr9	158000000	158999999	7
chr9	159000000	159769782	2
chr10	0	999999	2
chr10	1000000	1999999	6
chr10	2000000	2999999	3
chr10	3000000	3999999	3
chr10	4000000	4999999	2
chr10	5000000	5999999	4
chr10	6000000	6999999	1
chr10	7000000	7999999	0
chr10	8000000	8999999	0
chr10	9000000	9999999	2
chr10	10000000	10999999	2
chr10	11000000	11999999	1
chr10	12000000	12999999	0
chr10	13000000	13999999	1
chr10	14000000	14999999	0
chr10	15000000	15999999	1
chr10	16000000	16999999	1
chr10	17000000	17999999	0
chr10	18000000	18999999	0
chr10	19000000	19999999	1
chr10	20000000	20999999	2
chr10	21000000	21999999	3
chr10	22000000	22999999	0
chr10	23000000	23999999	0
chr10	24000000	24999999	0
chr10	25000000	25999999	0
chr10	26000000	26999999	1
chr10	27000000	27999999	0
chr10	28000000	28999999	0
chr10	29000000	29999999	0
chr10	30000000	30999999	0
chr10	31000000	31999999	0
chr10	32000000	32999999	0
chr10	33000000	33999999	0
chr10	34000000	34999999	1
chr10	35000000	35999999	0
chr10	36000000	36999999	1
chr10	37000000	37999999	1
chr10	38000000	38999999	0
chr10	39000000	39999999	0
chr10	40000000	40999999	1
chr10	41000000	41999999	1
chr10	42000000	42999999	2
chr10	43000000	43999999	0
chr10	44000000	44999999	2
chr10	45000000	45999999	0
chr10	46000000	46999999	2
chr10	47000000	47999999	1
chr10	48000000	48999999	4
chr10	49000000	49999999	1
chr10	50000000	50999999	1
chr10	51000000	51999999	0
chr10	52000000	52999999	1
chr10	53000000	53999999	0
chr10	54000000	54999999	0
chr10	55000000	55999999	0
chr10	56000000	56999999	0
chr10	57000000	57999999	0
chr10	58000000	58999999	1
chr10	59000000	59999999	0
chr10	60000000	60999999	1
chr10	61000000	61999999	1
chr10	62000000	62999999	3
chr10	63000000	63999999	1
chr10	64000000	64999999	0
chr10	65000000	65999999	2
chr10	66000000	66999999	1
chr10	67000000	67999999	1
chr10	68000000	68999999	0
chr10	69000000	69999999	1
chr10	70000000	70999999	0
chr10	71000000	71999999	0
chr10	72000000	72999999	0
chr10	73000000	73999999	2
chr10	74000000	74999999	0
chr10	75000000	75999999	0
chr10	76000000	76999999	1
chr10	77000000	77999999	0
chr10	78000000	78999999	0
chr10	79000000	79999999	1
chr10	80000000	80999999	0
chr10	81000000	81999999	2
chr10	82000000	82999999	1
chr10	83000000	83999999	3
chr10	84000000	84999999	0
chr10	85000000	85999999	3
chr10	86000000	86999999	3
chr10	87000000	87999999	0
chr10	88000000	88999999	2
chr10	89000000	89999999	0
chr10	90000000	90999999	2
chr10	91000000	91999999	2
chr10	92000000	92999999	0
chr10	93000000	93999999	3
chr10	94000000	94999999	1
chr10	95000000	95999999	0
chr10	96000000	96999999	0
chr10	97000000	97999999	0
chr10	98000000	98999999	1
chr10	99000000	99999999	3
chr10	100000000	100999999	1
chr10	101000000	101999999	0
chr10	102000000	102999999	0
chr10	103000000	103999999	0
chr10	104000000	104999999	5
chr10	105000000	105999999	3
chr10	106000000	106999999	2
chr10	107000000	107999999	0
chr10	108000000	108999999	2
chr10	109000000	109999999	4
chr10	110000000	110999999	0
chr10	111000000	111999999	2
chr10	112000000	112999999	0
chr10	113000000	113999999	3
chr10	114000000	114999999	0
chr10	115000000	115999999	3
chr10	116000000	116999999	0
chr10	117000000	117999999	0
chr10	118000000	118999999	2
chr10	119000000	119999999	2
chr10	120000000	120999999	5
chr10	121000000	121999999	1
chr10	122000000	122999999	1
chr10	123000000	123999999	0
chr10	124000000	124999999	4
chr10	125000000	125999999	0
chr10	126000000	126999999	1
chr10	127000000	127999999	0
chr10	128000000	128999999	1
chr10	129000000	129999999	1
chr10	130000000	130999999	0
chr10	131000000	131999999	4
chr10	132000000	132999999	1
chr10	133000000	133999999	1
chr10	134000000	134999999	2
chr10	135000000	135999999	7
chr10	136000000	136999999	4
chr10	137000000	137999999	0
chr10	138000000	138999999	4
chr10	139000000	139999999	4
chr10	140000000	140999999	0
chr10	141000000	141999999	3
chr10	142000000	142999999	6
chr10	143000000	143999999	3
chr10	144000000	144999999	2
chr10	145000000	145999999	2
chr10	146000000	146999999	8
chr10	147000000	147999999	11
chr10	148000000	148999999	3
chr10	149000000	149999999	9
chr10	150000000	150982314	1
